0 2.02609
20 0.927488
40 0.895135
60 0.615728
80 0.733316
100 0.546424
120 0.772065
140 0.905829
160 0.638954
180 0.677398
200 0.475357
220 0.730601
240 0.709009
260 0.579682
280 0.711166
300 0.143155
320 0.649361
340 0.649855
360 0.582193
380 1.07294
400 0.585181
420 0.555496
440 0.292466
460 0.611169
480 0.486164
500 0.637976
520 0.412645
540 0.406357
560 0.378713
580 0.29475
600 0.443511
620 0.530102
640 0.207789
660 0.588239
680 0.752394
700 0.380768
720 0.222606
740 0.462547
760 0.442638
780 0.553363
800 0.439503
820 0.40694
840 0.692653
860 0.54114
880 0.302415
900 0.397395
920 0.288935
940 0.547228
960 0.71501
980 0.320598
1000 0.715796
1020 0.721519
1040 0.558377
1060 0.484176
1080 0.321265
1100 0.258494
1120 0.519823
1140 0.419901
1160 0.754236
1180 0.596187
1200 0.369252
1220 0.267676
1240 0.349323
1260 0.411563
1280 0.570784
1300 0.496495
1320 0.713768
1340 0.696465
1360 0.423747
1380 0.609256
1400 0.338241
1420 0.759934
1440 0.480336
1460 0.550586
1480 0.616255
1500 0.19712
1520 0.282376
1540 0.490975
1560 0.267478
1580 0.361607
1600 0.487859
1620 0.491178
1640 0.464259
1660 0.269194
1680 0.33424
1700 0.409459
1720 0.36387
1740 0.467426
1760 0.556099
1780 0.437175
1800 0.404624
1820 0.566018
1840 0.280498
1860 0.500024
1880 0.482439
1900 0.339287
1920 0.328053
1940 0.481335
1960 0.401107
1980 0.686317
2000 0.55297
2020 0.61811
2040 0.391625
2060 0.150768
2080 0.35673
2100 0.51936
2120 0.259441
2140 0.371453
2160 0.351325
2180 0.457612
2200 0.460347
2220 0.590253
2240 0.337977
2260 0.348948
2280 0.483534
2300 0.342695
2320 0.316264
2340 0.478816
2360 0.291644
2380 0.434598
2400 0.359196
2420 0.384918
2440 0.582423
2460 0.550186
2480 0.350133
2500 0.144188
2520 0.451361
2540 0.589717
2560 0.54012
2580 0.375507
2600 0.283407
2620 0.552059
2640 0.444679
2660 0.635207
2680 0.599918
2700 0.498342
2720 0.369573
2740 0.486381
2760 0.743534
2780 0.393545
2800 0.415252
2820 0.311752
2840 0.473995
2860 0.585071
2880 0.540194
2900 0.280276
2920 0.692174
2940 0.519052
2960 0.591649
2980 0.483221
3000 0.401285
3020 0.455171
3040 0.550056
3060 0.563556
3080 0.398488
3100 0.226463
3120 0.337526
3140 0.601882
3160 0.329848
3180 0.41587
3200 0.153838
3220 0.397994
3240 0.565699
3260 0.564846
3280 0.281404
3300 0.241082
3320 0.36326
3340 0.602612
3360 0.531513
3380 0.291431
3400 0.637972
3420 0.331579
3440 0.56945
3460 0.643087
3480 0.331623
3500 0.29256
3520 0.396288
3540 0.431582
3560 0.474364
3580 0.260536
3600 0.399857
3620 0.338957
3640 0.410904
3660 0.447814
3680 1.06045
3700 0.510995
3720 0.577043
3740 0.640135
3760 0.476883
3780 0.544978
3800 0.226747
3820 0.577971
3840 0.413984
3860 0.820068
3880 0.220523
3900 0.278816
3920 0.550707
3940 0.389048
3960 0.437119
3980 0.418123
4000 0.450349
4020 0.523066
4040 0.360619
4060 0.588961
4080 0.524924
4100 0.43638
4120 0.464841
4140 0.159913
4160 0.249746
4180 0.41483
4200 0.501269
4220 0.603196
4240 0.26896
4260 0.420324
4280 0.540009
4300 0.270353
4320 0.312382
4340 0.459946
4360 0.552078
4380 0.364761
4400 0.453943
4420 0.543751
4440 0.424702
4460 0.392178
4480 0.318384
4500 0.488948
4520 0.422699
4540 0.393014
4560 0.292183
4580 0.531884
4600 0.268843
4620 0.137992
4640 0.621816
4660 0.50084
4680 0.389233
4700 0.494878
4720 0.391543
4740 0.258033
4760 0.352446
4780 0.369361
4800 0.448573
4820 0.381725
4840 0.504956
4860 0.282285
4880 0.559309
4900 0.408553
4920 0.296729
4940 0.236543
4960 0.329157
4980 0.347848
5000 0.36803
5020 0.284944
5040 0.389005
5060 0.583073
5080 0.464941
5100 0.541819
5120 0.305666
5140 0.484209
5160 0.458383
5180 0.340944
5200 0.451325
5220 0.461966
5240 0.543561
5260 0.318775
5280 0.542204
5300 0.561775
5320 0.242023
5340 0.745624
5360 0.451299
5380 0.258312
5400 0.275328
5420 0.695096
5440 0.422165
5460 0.424567
5480 0.313346
5500 0.524405
5520 0.364531
5540 0.308335
5560 0.543654
5580 0.297991
5600 0.209034
5620 0.265501
5640 0.228172
5660 0.244902
5680 0.383618
5700 0.418415
5720 0.496366
5740 0.2869
5760 0.481078
5780 0.29528
5800 0.417689
5820 0.36456
5840 0.354433
5860 0.434301
5880 0.193387
5900 0.360147
5920 0.585934
5940 0.262565
5960 0.378323
5980 0.299363
6000 0.299487
6020 0.223947
6040 0.412547
6060 0.445408
6080 0.210796
6100 0.392464
6120 0.541861
6140 0.502505
6160 0.375004
6180 0.380356
6200 0.3698
6220 0.726132
6240 0.310584
6260 0.405815
6280 0.337189
6300 0.460694
6320 0.42
6340 0.524291
6360 0.439398
6380 0.292071
6400 0.395409
6420 0.427371
6440 0.446684
6460 0.318956
6480 0.27455
6500 0.821463
6520 0.209574
6540 0.369515
6560 0.263878
6580 0.553548
6600 0.408525
6620 0.346065
6640 0.28324
6660 0.413443
6680 0.329758
6700 0.492045
6720 0.348279
6740 0.443261
6760 0.325784
6780 0.364021
6800 0.0921776
6820 0.298567
6840 0.315017
6860 0.447341
6880 0.407326
6900 0.224832
6920 0.352167
6940 0.260478
6960 0.433722
6980 0.54389
7000 0.36032
7020 0.212738
7040 0.465107
7060 0.437146
7080 0.509215
7100 0.299244
7120 0.300521
7140 0.129335
7160 0.291047
7180 0.444502
7200 0.343244
7220 0.359696
7240 0.534132
7260 0.255603
7280 0.380207
7300 0.309722
7320 0.416904
7340 0.33566
7360 0.295698
7380 0.232183
7400 0.451043
7420 0.428164
7440 0.345793
7460 0.200587
7480 0.256259
7500 0.263176
7520 0.344111
7540 0.433048
7560 0.490788
7580 0.340169
7600 0.331728
7620 0.546463
7640 0.306409
7660 0.348627
7680 0.392613
7700 0.397646
7720 0.349541
7740 0.160493
7760 0.581254
7780 0.402262
7800 0.250594
7820 0.396205
7840 0.425767
7860 0.230937
7880 0.387436
7900 0.330421
7920 0.531751
7940 0.358888
7960 0.472083
7980 0.295474
8000 0.368493
8020 0.277509
8040 0.35402
8060 0.347324
8080 0.191317
8100 0.244831
8120 0.314737
8140 0.231937
8160 0.492414
8180 0.288098
8200 0.553439
8220 0.412586
8240 0.269681
8260 0.538427
8280 0.276047
8300 0.245435
8320 0.353771
8340 0.286687
8360 0.242898
8380 0.328143
8400 0.243185
8420 0.24638
8440 0.392301
8460 0.334273
8480 0.211292
8500 0.327584
8520 0.314622
8540 0.242892
8560 0.444522
8580 0.359
8600 0.282524
8620 0.471161
8640 0.336183
8660 0.405409
8680 0.5695
8700 0.714554
8720 0.297594
8740 0.196387
8760 0.275334
8780 0.4229
8800 0.400984
8820 0.342673
8840 0.320965
8860 0.525705
8880 0.280522
8900 0.343584
8920 0.499804
8940 0.420736
8960 0.605335
8980 0.437372
9000 0.491941
9020 0.219371
9040 0.30535
9060 0.213727
9080 0.465618
9100 0.392729
9120 0.523245
9140 0.484224
9160 0.378851
9180 0.31057
9200 0.449862
9220 0.27357
9240 0.223775
9260 0.222769
9280 0.376876
9300 0.304253
9320 0.182671
9340 0.238457
9360 0.289712
9380 0.702326
9400 0.392318
9420 0.331575
9440 0.471243
9460 0.401818
9480 0.707178
9500 0.468808
9520 0.527132
9540 0.230425
9560 0.395944
9580 0.372999
9600 0.222534
9620 0.247819
9640 0.426623
9660 0.33521
9680 0.380221
9700 0.167852
9720 0.421945
9740 0.426752
9760 0.224088
9780 0.275891
9800 0.291495
9820 0.496252
9840 0.408402
9860 0.277513
9880 0.222555
9900 0.306098
9920 0.262395
9940 0.275048
9960 0.308578
9980 0.365298
10000 0.307852
10020 0.298119
10040 0.467811
10060 0.235485
10080 0.178923
10100 0.320215
10120 0.287393
10140 0.250576
10160 0.252944
10180 0.538695
10200 0.365124
10220 0.429159
10240 0.452503
10260 0.459412
10280 0.4868
10300 0.339592
10320 0.234017
10340 0.301449
10360 0.355877
10380 0.432381
10400 0.410299
10420 0.337689
10440 0.451963
10460 0.205898
10480 0.329429
10500 0.504105
10520 0.439364
10540 0.325392
10560 0.272127
10580 0.358869
10600 0.291048
10620 0.38505
10640 0.360307
10660 0.381713
10680 0.25095
10700 0.378364
10720 0.400678
10740 0.239185
10760 0.547914
10780 0.430927
10800 0.473385
10820 0.598947
10840 0.35508
10860 0.309609
10880 0.17408
10900 0.306587
10920 0.276698
10940 0.330253
10960 0.197657
10980 0.503493
11000 0.31031
11020 0.465649
11040 0.415673
11060 0.258427
11080 0.189014
11100 0.46701
11120 0.390444
11140 0.454459
11160 0.269854
11180 0.234447
11200 0.339914
11220 0.328205
11240 0.375789
11260 0.482901
11280 0.316606
11300 0.343591
11320 0.41729
11340 0.390422
11360 0.434938
11380 0.317828
11400 0.531778
11420 0.306715
11440 0.478034
11460 0.2731
11480 0.295493
11500 0.357888
11520 0.275514
11540 0.382722
11560 0.321074
11580 0.195498
11600 0.554082
11620 0.396246
11640 0.174846
11660 0.163387
11680 0.312307
11700 0.429963
11720 0.573202
11740 0.25039
11760 0.576276
11780 0.22358
11800 0.43801
11820 0.478204
11840 0.349245
11860 0.58095
11880 0.362297
11900 0.430414
11920 0.312897
11940 0.448371
11960 0.300782
11980 0.332717
12000 0.327375
12020 0.144135
12040 0.496507
12060 0.2799
12080 0.330003
12100 0.344068
12120 0.295117
12140 0.557845
12160 0.403536
12180 0.458247
12200 0.49297
12220 0.223233
12240 0.205742
12260 0.37743
12280 0.386395
12300 0.426858
12320 0.216315
12340 0.319473
12360 0.43943
12380 0.480361
12400 0.314913
12420 0.158316
12440 0.352343
12460 0.423856
12480 0.216291
12500 0.139994
12520 0.243934
12540 0.301203
12560 0.353439
12580 0.317326
12600 0.217863
12620 0.11995
12640 0.531769
12660 0.24948
12680 0.540742
12700 0.198648
12720 0.359824
12740 0.211405
12760 0.38041
12780 0.368278
12800 0.0909843
12820 0.368641
12840 0.453162
12860 0.356589
12880 0.396183
12900 0.243649
12920 0.230127
12940 0.13006
12960 0.362854
12980 0.183199
13000 0.434012
13020 0.51964
13040 0.270037
13060 0.430938
13080 0.32342
13100 0.0390085
13120 0.24772
13140 0.279857
13160 0.126558
13180 0.351352
13200 0.258947
13220 0.325693
13240 0.325206
13260 0.19962
13280 0.60661
13300 0.374155
13320 0.434989
13340 0.27154
13360 0.256958
13380 0.260041
13400 0.526007
13420 0.166175
13440 0.420829
13460 0.455702
13480 0.19598
13500 0.27225
13520 0.242593
13540 0.18704
13560 0.226076
13580 0.22061
13600 0.344781
13620 0.268232
13640 0.28793
13660 0.245963
13680 0.408387
13700 0.333526
13720 0.565891
13740 0.26437
13760 0.345111
13780 0.315962
13800 0.299927
13820 0.383162
13840 0.406359
13860 0.261102
13880 0.28237
13900 0.403904
13920 0.388513
13940 0.385473
13960 0.237522
13980 0.320092
14000 0.180222
14020 0.394012
14040 0.412937
14060 0.38419
14080 0.400593
14100 0.183736
14120 0.191058
14140 0.434214
14160 0.2828
14180 0.30819
14200 0.303192
14220 0.424068
14240 0.150334
14260 0.399709
14280 0.23879
14300 0.253445
14320 0.132221
14340 0.514948
14360 0.47996
14380 0.299231
14400 0.261065
14420 0.370306
14440 0.362465
14460 0.16013
14480 0.240106
14500 0.29958
14520 0.116294
14540 0.384241
14560 0.290402
14580 0.504982
14600 0.279144
14620 0.302154
14640 0.243968
14660 0.247014
14680 0.380351
14700 0.268429
14720 0.428379
14740 0.457062
14760 0.470566
14780 0.215851
14800 0.398521
14820 0.307467
14840 0.439785
14860 0.390397
14880 0.330205
14900 0.439206
14920 0.314572
14940 0.253529
14960 0.28143
14980 0.316118
15000 0.365464
15020 0.334118
15040 0.317745
15060 0.109261
15080 0.279782
15100 0.183189
15120 0.175828
15140 0.360445
15160 0.500389
15180 0.210649
15200 0.221028
15220 0.272376
15240 0.389979
15260 0.302845
15280 0.331554
15300 0.273007
15320 0.493348
15340 0.207952
15360 0.29712
15380 0.37822
15400 0.43557
15420 0.17148
15440 0.423569
15460 0.481639
15480 0.669016
15500 0.304149
15520 0.0471026
15540 0.296616
15560 0.325598
15580 0.164815
15600 0.350096
15620 0.43816
15640 0.205255
15660 0.437955
15680 0.299404
15700 0.396426
15720 0.255213
15740 0.134677
15760 0.372724
15780 0.315584
15800 0.301793
15820 0.473987
15840 0.464081
15860 0.232152
15880 0.225861
15900 0.308981
15920 0.359502
15940 0.22843
15960 0.407981
15980 0.3122
16000 0.201838
16020 0.247136
16040 0.227932
16060 0.277043
16080 0.236266
16100 0.301425
16120 0.313979
16140 0.307448
16160 0.265486
16180 0.259612
16200 0.464302
16220 0.34301
16240 0.331766
16260 0.284533
16280 0.443215
16300 0.335738
16320 0.401519
16340 0.405903
16360 0.435485
16380 0.268083
16400 0.348263
16420 0.346935
16440 0.260507
16460 0.290075
16480 0.0937205
16500 0.397599
16520 0.279134
16540 0.342776
16560 0.434543
16580 0.293195
16600 0.253753
16620 0.289781
16640 0.218507
16660 0.362976
16680 0.252572
16700 0.370585
16720 0.395833
16740 0.221437
16760 0.673534
16780 0.315354
16800 0.226682
16820 0.51465
16840 0.323617
16860 0.43532
16880 0.411548
16900 0.468599
16920 0.112881
16940 0.414299
16960 0.365391
16980 0.331722
17000 0.409465
17020 0.417048
17040 0.314063
17060 0.315584
17080 0.418594
17100 0.427801
17120 0.235007
17140 0.14956
17160 0.326969
17180 0.302358
17200 0.363685
17220 0.265571
17240 0.509927
17260 0.446382
17280 0.434835
17300 0.387047
17320 0.260315
17340 0.513503
17360 0.201662
17380 0.20607
17400 0.227835
17420 0.356274
17440 0.112134
17460 0.425546
17480 0.143534
17500 0.253866
17520 0.337877
17540 0.356736
17560 0.244931
17580 0.336005
17600 0.279284
17620 0.47094
17640 0.322495
17660 0.34927
17680 0.379805
17700 0.183519
17720 0.401485
17740 0.424702
17760 0.364585
17780 0.116846
17800 0.282088
17820 0.295283
17840 0.238707
17860 0.463012
17880 0.466374
17900 0.306055
17920 0.296152
17940 0.34761
17960 0.118688
17980 0.152454
18000 0.43796
18020 0.204333
18040 0.320171
18060 0.486055
18080 0.109008
18100 0.334086
18120 0.305094
18140 0.192607
18160 0.248397
18180 0.150848
18200 0.392632
18220 0.385763
18240 0.143275
18260 0.217139
18280 0.402534
18300 0.34395
18320 0.342969
18340 0.468451
18360 0.412633
18380 0.288245
18400 0.267797
18420 0.627271
18440 0.451121
18460 0.198559
18480 0.215414
18500 0.354736
18520 0.332466
18540 0.27757
18560 0.33219
18580 0.437582
18600 0.426377
18620 0.340168
18640 0.403647
18660 0.265204
18680 0.293163
18700 0.281885
18720 0.296836
18740 0.278884
18760 0.305164
18780 0.182306
18800 0.190624
18820 0.352216
18840 0.41957
18860 0.267562
18880 0.262616
18900 0.314486
18920 0.141302
18940 0.337453
18960 0.3259
18980 0.257399
19000 0.247772
19020 0.31694
19040 0.297251
19060 0.272782
19080 0.194461
19100 0.363274
19120 0.207019
19140 0.457935
19160 0.374229
19180 0.266733
19200 0.264062
19220 0.409298
19240 0.545435
19260 0.0619989
19280 0.394431
19300 0.34497
19320 0.445976
19340 0.269671
19360 0.2586
19380 0.125179
19400 0.483355
19420 0.390466
19440 0.216886
19460 0.155063
19480 0.102283
19500 0.325832
19520 0.299709
19540 0.328033
19560 0.323586
19580 0.26659
19600 0.327068
19620 0.37963
19640 0.290354
19660 0.237418
19680 0.348333
19700 0.293933
19720 0.259623
19740 0.286553
19760 0.552628
19780 0.378808
19800 0.283957
19820 0.434582
19840 0.298408
19860 0.357844
19880 0.248836
19900 0.269397
19920 0.17749
19940 0.469787
19960 0.39303
19980 0.280356
20000 0.422597
20020 0.716301
20040 0.226921
20060 0.115392
20080 0.230236
20100 0.496578
20120 0.278316
20140 0.611203
20160 0.253251
20180 0.186967
20200 0.329928
20220 0.374654
20240 0.370709
20260 0.239942
20280 0.514965
20300 0.34932
20320 0.504892
20340 0.406695
20360 0.169661
20380 0.159769
20400 0.482321
20420 0.427472
20440 0.427839
20460 0.363335
20480 0.220861
20500 0.278498
20520 0.348288
20540 0.303856
20560 0.159661
20580 0.254416
20600 0.271231
20620 0.410242
20640 0.248356
20660 0.194215
20680 0.11218
20700 0.323403
20720 0.335249
20740 0.164107
20760 0.198584
20780 0.31826
20800 0.304711
20820 0.310581
20840 0.299145
20860 0.312765
20880 0.467415
20900 0.320858
20920 0.338921
20940 0.157337
20960 0.327616
20980 0.261919
21000 0.0912989
21020 0.434503
21040 0.350908
21060 0.362381
21080 0.43286
21100 0.302181
21120 0.265468
21140 0.337068
21160 0.321995
21180 0.189228
21200 0.473376
21220 0.320475
21240 0.19707
21260 0.235465
21280 0.363516
21300 0.283812
21320 0.243229
21340 0.244161
21360 0.297378
21380 0.418273
21400 0.285701
21420 0.283971
21440 0.31265
21460 0.43084
21480 0.232434
21500 0.278082
21520 0.496016
21540 0.44644
21560 0.235301
21580 0.703025
21600 0.336907
21620 0.392209
21640 0.347533
21660 0.522411
21680 0.64074
21700 0.463812
21720 0.339248
21740 0.153679
21760 0.357878
21780 0.493417
21800 0.352421
21820 0.340083
21840 0.457184
21860 0.186017
21880 0.330151
21900 0.36799
21920 0.40355
21940 0.462142
21960 0.180891
21980 0.238632
22000 0.283174
22020 0.31209
22040 0.30269
22060 0.174161
22080 0.250826
22100 0.203423
22120 0.321538
22140 0.312493
22160 0.427824
22180 0.390425
22200 0.404367
22220 0.410007
22240 0.157178
22260 0.28259
22280 0.316273
22300 0.215686
22320 0.163966
22340 0.222271
22360 0.247422
22380 0.182434
22400 0.37814
22420 0.396682
22440 0.260982
22460 0.225176
22480 0.228929
22500 0.217731
22520 0.325824
22540 0.347136
22560 0.349435
22580 0.465389
22600 0.247601
22620 0.229194
22640 0.384711
22660 0.491333
22680 0.427335
22700 0.336442
22720 0.402758
22740 0.357195
22760 0.266234
22780 0.286011
22800 0.418598
22820 0.515636
22840 0.168971
22860 0.278924
22880 0.371845
22900 0.365951
22920 0.262556
22940 0.455492
22960 0.404904
22980 0.28115
23000 0.334228
23020 0.335791
23040 0.461332
23060 0.336157
23080 0.265489
23100 0.312515
23120 0.278174
23140 0.250086
23160 0.135924
23180 0.468797
23200 0.789407
23220 0.312557
23240 0.24793
23260 0.242736
23280 0.539256
23300 0.261501
23320 0.458208
23340 0.458069
23360 0.442124
23380 0.245178
23400 0.316275
23420 0.414177
23440 0.197861
23460 0.216292
23480 0.408018
23500 0.278901
23520 0.326756
23540 0.232117
23560 0.347233
23580 0.419967
23600 0.359125
23620 0.219915
23640 0.279035
23660 0.28618
23680 0.235293
23700 0.413568
23720 0.326321
23740 0.179747
23760 0.208892
23780 0.578597
23800 0.269207
23820 0.38934
23840 0.365336
23860 0.201109
23880 0.268206
23900 0.519617
23920 0.251049
23940 0.31643
23960 0.167024
23980 0.176278
24000 0.108933
24020 0.223652
24040 0.249585
24060 0.402174
24080 0.531772
24100 0.40967
24120 0.295549
24140 0.318949
24160 0.324262
24180 0.379422
24200 0.216664
24220 0.32668
24240 0.3896
24260 0.187406
24280 0.293537
24300 0.389531
24320 0.226118
24340 0.295731
24360 0.244804
24380 0.367022
24400 0.309102
24420 0.212768
24440 0.38887
24460 0.431483
24480 0.292125
24500 0.321266
24520 0.382944
24540 0.472154
24560 0.214273
24580 0.202811
24600 0.40806
24620 0.354223
24640 0.252549
24660 0.244071
24680 0.241452
24700 0.361498
24720 0.420629
24740 0.36839
24760 0.188902
24780 0.279877
24800 0.27193
24820 0.244759
24840 0.301065
24860 0.19643
24880 0.299726
24900 0.182328
24920 0.32962
24940 0.399768
24960 0.441926
24980 0.189755
25000 0.228805
25020 0.551489
25040 0.364439
25060 0.693325
25080 0.264701
25100 0.507084
25120 0.434932
25140 0.245844
25160 0.203199
25180 0.184585
25200 0.252677
25220 0.244121
25240 0.373422
25260 0.437571
25280 0.283413
25300 0.243182
25320 0.379194
25340 0.251911
25360 0.334004
25380 0.104326
25400 0.232483
25420 0.522751
25440 0.23183
25460 0.173494
25480 0.180569
25500 0.309824
25520 0.224937
25540 0.366094
25560 0.233884
25580 0.34798
25600 0.228822
25620 0.250266
25640 0.234521
25660 0.385918
25680 0.275604
25700 0.297543
25720 0.250751
25740 0.27373
25760 0.346128
25780 0.435344
25800 0.352342
25820 0.432181
25840 0.532937
25860 0.230657
25880 0.479402
25900 0.261911
25920 0.280277
25940 0.203382
25960 0.270752
25980 0.203156
26000 0.378728
26020 0.339947
26040 0.285836
26060 0.196202
26080 0.183433
26100 0.184185
26120 0.273297
26140 0.291851
26160 0.263492
26180 0.247263
26200 0.540125
26220 0.382098
26240 0.247846
26260 0.239656
26280 0.279221
26300 0.411003
26320 0.198526
26340 0.325782
26360 0.171337
26380 0.385177
26400 0.210562
26420 0.199023
26440 0.386313
26460 0.296549
26480 0.23268
26500 0.204632
26520 0.243138
26540 0.208352
26560 0.534072
26580 0.165918
26600 0.190821
26620 0.250199
26640 0.119757
26660 0.337107
26680 0.149758
26700 0.234003
26720 0.22029
26740 0.440797
26760 0.215705
26780 0.21175
26800 0.198363
26820 0.303846
26840 0.170678
26860 0.243934
26880 0.296187
26900 0.353176
26920 0.225996
26940 0.178297
26960 0.307011
26980 0.312658
27000 0.175126
27020 0.0766225
27040 0.329156
27060 0.124358
27080 0.589651
27100 0.0633674
27120 0.334343
27140 0.257881
27160 0.258607
27180 0.204023
27200 0.280919
27220 0.378563
27240 0.400204
27260 0.451183
27280 0.409655
27300 0.287813
27320 0.421658
27340 0.303988
27360 0.222407
27380 0.41172
27400 0.309864
27420 0.244859
27440 0.175613
27460 0.260981
27480 0.3869
27500 0.216834
27520 0.161993
27540 0.314309
27560 0.353449
27580 0.296049
27600 0.288136
27620 0.367632
27640 0.19932
27660 0.210412
27680 0.363865
27700 0.247851
27720 0.192355
27740 0.301868
27760 0.427873
27780 0.255151
27800 0.283257
27820 0.248149
27840 0.173328
27860 0.22743
27880 0.174454
27900 0.489967
27920 0.292956
27940 0.208575
27960 0.33542
27980 0.198062
28000 0.24969
28020 0.349121
28040 0.353385
28060 0.242331
28080 0.313305
28100 0.239149
28120 0.419533
28140 0.206239
28160 0.175962
28180 0.40499
28200 0.219153
28220 0.231002
28240 0.28592
28260 0.199393
28280 0.473689
28300 0.196219
28320 0.280388
28340 0.325051
28360 0.259523
28380 0.329085
28400 0.190725
28420 0.265652
28440 0.331494
28460 0.326873
28480 0.301425
28500 0.537834
28520 0.433908
28540 0.229147
28560 0.349857
28580 0.253675
28600 0.437316
28620 0.186006
28640 0.12954
28660 0.165097
28680 0.418168
28700 0.182231
28720 0.145111
28740 0.332633
28760 0.292693
28780 0.725479
28800 0.172298
28820 0.213714
28840 0.329678
28860 0.17973
28880 0.238623
28900 0.236269
28920 0.404074
28940 0.233116
28960 0.369073
28980 0.179587
29000 0.332373
29020 0.546444
29040 0.161101
29060 0.236796
29080 0.211543
29100 0.23009
29120 0.279084
29140 0.325517
29160 0.264864
29180 0.0983942
29200 0.139964
29220 0.17644
29240 0.18403
29260 0.48718
29280 0.337165
29300 0.243449
29320 0.126015
29340 0.35483
29360 0.199511
29380 0.157746
29400 0.216349
29420 0.145232
29440 0.302036
29460 0.467832
29480 0.206758
29500 0.388968
29520 0.1951
29540 0.551269
29560 0.307268
29580 0.301384
29600 0.318029
29620 0.205224
29640 0.138753
29660 0.225109
29680 0.202152
29700 0.2588
29720 0.390304
29740 0.470556
29760 0.257275
29780 0.331271
29800 0.457876
29820 0.169461
29840 0.144502
29860 0.338768
29880 0.31946
29900 0.340678
29920 0.145265
29940 0.343964
29960 0.146061
29980 0.237857
30000 0.344568
30020 0.129045
30040 0.304454
30060 0.232822
30080 0.196947
30100 0.261592
30120 0.277967
30140 0.347575
30160 0.230638
30180 0.0870906
30200 0.30954
30220 0.452565
30240 0.235985
30260 0.370464
30280 0.298511
30300 0.231561
30320 0.255059
30340 0.266445
30360 0.242091
30380 0.239967
30400 0.369209
30420 0.264445
30440 0.505306
30460 0.207014
30480 0.244867
30500 0.319459
30520 0.117128
30540 0.217248
30560 0.311859
30580 0.345111
30600 0.393632
30620 0.216146
30640 0.251144
30660 0.298904
30680 0.267605
30700 0.344604
30720 0.242942
30740 0.350922
30760 0.318164
30780 0.111883
30800 0.378126
30820 0.292385
30840 0.483481
30860 0.0485192
30880 0.271145
30900 0.290035
30920 0.218954
30940 0.296123
30960 0.196956
30980 0.213625
31000 0.328868
31020 0.314596
31040 0.472739
31060 0.37163
31080 0.348565
31100 0.425942
31120 0.248217
31140 0.29452
31160 0.261556
31180 0.235858
31200 0.284635
31220 0.298524
31240 0.22894
31260 0.120318
31280 0.282552
31300 0.361657
31320 0.195508
31340 0.395127
31360 0.290399
31380 0.377218
31400 0.341581
31420 0.254834
31440 0.413831
31460 0.264224
31480 0.299856
31500 0.229611
31520 0.201789
31540 0.267655
31560 0.183182
31580 0.307131
31600 0.364802
31620 0.313243
31640 0.1886
31660 0.145902
31680 0.267209
31700 0.205859
31720 0.319193
31740 0.326887
31760 0.303165
31780 0.295365
31800 0.180784
31820 0.316949
31840 0.351494
31860 0.258683
31880 0.260402
31900 0.125364
31920 0.189866
31940 0.217306
31960 0.304343
31980 0.149409
32000 0.356166
32020 0.278028
32040 0.198604
32060 0.376084
32080 0.215574
32100 0.337767
32120 0.41607
32140 0.510677
32160 0.365695
32180 0.272803
32200 0.347242
32220 0.408369
32240 0.296897
32260 0.302576
32280 0.323481
32300 0.159038
32320 0.484648
32340 0.271406
32360 0.143609
32380 0.184309
32400 0.271117
32420 0.197997
32440 0.105254
32460 0.107073
32480 0.245514
32500 0.219741
32520 0.258347
32540 0.234464
32560 0.348225
32580 0.227968
32600 0.371028
32620 0.406661
32640 0.354964
32660 0.203654
32680 0.344288
32700 0.304151
32720 0.1094
32740 0.158646
32760 0.209464
32780 0.215601
32800 0.278883
32820 0.386316
32840 0.243666
32860 0.370465
32880 0.29489
32900 0.225667
32920 0.38935
32940 0.405331
32960 0.223566
32980 0.123249
33000 0.158318
33020 0.0749074
33040 0.281426
33060 0.329775
33080 0.302121
33100 0.236897
33120 0.37866
33140 0.358964
33160 0.472586
33180 0.426707
33200 0.346863
33220 0.31862
33240 0.174153
33260 0.260384
33280 0.431751
33300 0.231921
33320 0.287932
33340 0.192495
33360 0.223909
33380 0.21153
33400 0.364591
33420 0.245651
33440 0.253525
33460 0.273253
33480 0.152422
33500 0.2279
33520 0.213664
33540 0.277217
33560 0.353224
33580 0.217359
33600 0.370449
33620 0.201121
33640 0.182931
33660 0.238389
33680 0.36868
33700 0.291766
33720 0.267652
33740 0.309882
33760 0.215957
33780 0.239749
33800 0.215864
33820 0.115746
33840 0.300115
33860 0.318605
33880 0.32289
33900 0.568406
33920 0.23896
33940 0.253225
33960 0.204053
33980 0.270757
34000 0.27365
34020 0.297335
34040 0.473826
34060 0.276256
34080 0.23696
34100 0.276744
34120 0.168731
34140 0.343917
34160 0.197929
34180 0.102574
34200 0.311566
34220 0.239023
34240 0.341253
34260 0.236906
34280 0.268338
34300 0.292767
34320 0.194706
34340 0.134121
34360 0.246188
34380 0.276995
34400 0.27275
34420 0.199583
34440 0.237412
34460 0.149668
34480 0.295087
34500 0.249427
34520 0.322571
34540 0.450592
34560 0.425062
34580 0.395833
34600 0.237531
34620 0.232369
34640 0.202048
34660 0.119824
34680 0.315364
34700 0.309075
34720 0.301083
34740 0.178546
34760 0.187653
34780 0.305945
34800 0.316232
34820 0.211687
34840 0.316639
34860 0.219566
34880 0.300695
34900 0.255925
34920 0.205865
34940 0.194419
34960 0.30929
34980 0.234024
35000 0.213415
35020 0.28868
35040 0.367932
35060 0.367812
35080 0.204476
35100 0.424518
35120 0.12487
35140 0.214294
35160 0.408063
35180 0.208167
35200 0.215993
35220 0.460322
35240 0.313768
35260 0.253215
35280 0.150641
35300 0.214831
35320 0.268662
35340 0.29157
35360 0.142825
35380 0.296992
35400 0.243337
35420 0.370241
35440 0.227441
35460 0.264842
35480 0.196263
35500 0.20142
35520 0.229525
35540 0.293137
35560 0.258456
35580 0.158686
35600 0.0853375
35620 0.241095
35640 0.175287
35660 0.391904
35680 0.364758
35700 0.141236
35720 0.387003
35740 0.211465
35760 0.277662
35780 0.19359
35800 0.444194
35820 0.351679
35840 0.333853
35860 0.320386
35880 0.205824
35900 0.227808
35920 0.240383
35940 0.615036
35960 0.453742
35980 0.511894
36000 0.267599
36020 0.268573
36040 0.317951
36060 0.324165
36080 0.266462
36100 0.153938
36120 0.359169
36140 0.32653
36160 0.27148
36180 0.299517
36200 0.341495
36220 0.306012
36240 0.435975
36260 0.324833
36280 0.139811
36300 0.337152
36320 0.352111
36340 0.271457
36360 0.262073
36380 0.239733
36400 0.346014
36420 0.223626
36440 0.169878
36460 0.261668
36480 0.26297
36500 0.337839
36520 0.274631
36540 0.262562
36560 0.270214
36580 0.339112
36600 0.255546
36620 0.0985498
36640 0.158067
36660 0.189803
36680 0.228747
36700 0.299824
36720 0.130132
36740 0.259354
36760 0.378669
36780 0.200095
36800 0.217682
36820 0.171447
36840 0.237402
36860 0.382977
36880 0.154657
36900 0.259295
36920 0.183973
36940 0.343835
36960 0.226967
36980 0.350763
37000 0.287811
37020 0.253102
37040 0.1991
37060 0.33587
37080 0.0757297
37100 0.213277
37120 0.255817
37140 0.299719
37160 0.460427
37180 0.510482
37200 0.195941
37220 0.146126
37240 0.19629
37260 0.384459
37280 0.349582
37300 0.288003
37320 0.122951
37340 0.32322
37360 0.425043
37380 0.199131
37400 0.203698
37420 0.296997
37440 0.306261
37460 0.322375
37480 0.327
37500 0.286011
37520 0.254872
37540 0.401134
37560 0.249064
37580 0.22912
37600 0.267501
37620 0.328447
37640 0.468048
37660 0.339968
37680 0.166948
37700 0.195044
37720 0.33106
37740 0.201693
37760 0.176868
37780 0.331769
37800 0.242472
37820 0.264688
37840 0.25561
37860 0.331844
37880 0.321254
37900 0.295174
37920 0.178961
37940 0.445072
37960 0.366579
37980 0.280803
38000 0.33171
38020 0.085765
38040 0.260411
38060 0.106816
38080 0.212167
38100 0.273982
38120 0.285503
38140 0.347693
38160 0.252471
38180 0.407051
38200 0.220402
38220 0.182845
38240 0.25838
38260 0.321764
38280 0.36708
38300 0.150124
38320 0.495863
38340 0.446113
38360 0.392528
38380 0.132823
38400 0.271076
38420 0.183712
38440 0.296171
38460 0.20355
38480 0.28181
38500 0.383382
38520 0.329245
38540 0.179635
38560 0.164946
38580 0.176045
38600 0.480669
38620 0.141371
38640 0.252297
38660 0.24679
38680 0.213444
38700 0.323996
38720 0.248756
38740 0.270678
38760 0.352442
38780 0.281008
38800 0.236737
38820 0.181175
38840 0.459589
38860 0.424563
38880 0.16793
38900 0.21922
38920 0.174913
38940 0.306505
38960 0.201285
38980 0.14713
39000 0.261441
39020 0.266291
39040 0.130115
39060 0.0825755
39080 0.286332
39100 0.311836
39120 0.280841
39140 0.314293
39160 0.246899
39180 0.0955545
39200 0.111181
39220 0.286225
39240 0.250928
39260 0.434056
39280 0.29575
39300 0.280642
39320 0.139868
39340 0.129143
39360 0.29161
39380 0.134595
39400 0.195854
39420 0.206151
39440 0.35324
39460 0.396738
39480 0.284896
39500 0.236354
39520 0.403836
39540 0.405734
39560 0.176527
39580 0.353218
39600 0.240643
39620 0.237798
39640 0.12902
39660 0.368997
39680 0.307072
39700 0.458698
39720 0.326427
39740 0.33916
39760 0.296116
39780 0.314719
39800 0.257194
39820 0.302759
39840 0.430204
39860 0.340304
39880 0.296782
39900 0.253854
39920 0.233994
39940 0.286709
39960 0.306213
39980 0.275101
