0 0.601452
20 0.459875
40 0.328114
60 0.1786
80 0.212954
100 0.236344
120 0.296773
140 0.43518
160 0.215172
180 0.364592
200 0.220973
220 0.409355
240 0.330063
260 0.349953
280 0.348511
300 0.149555
320 0.354973
340 0.443172
360 0.236343
380 0.61059
400 0.215511
420 0.200405
440 0.202753
460 0.298117
480 0.177888
500 0.235179
520 0.107783
540 0.221997
560 0.178174
580 0.160957
600 0.278323
620 0.302755
640 0.0964723
660 0.378659
680 0.296482
700 0.367111
720 0.087641
740 0.332982
760 0.236485
780 0.295228
800 0.304781
820 0.148635
840 0.250528
860 0.286481
880 0.16634
900 0.199553
920 0.333286
940 0.208663
960 0.422487
980 0.160484
1000 0.348943
1020 0.282998
1040 0.274031
1060 0.300525
1080 0.145686
1100 0.0763947
1120 0.418097
1140 0.210736
1160 0.307443
1180 0.400073
1200 0.113067
1220 0.1976
1240 0.308812
1260 0.170778
1280 0.283788
1300 0.274591
1320 0.43925
1340 0.395858
1360 0.249393
1380 0.391568
1400 0.301932
1420 0.309508
1440 0.330479
1460 0.344597
1480 0.392382
1500 0.174145
1520 0.258295
1540 0.262129
1560 0.173054
1580 0.208008
1600 0.339473
1620 0.233027
1640 0.102393
1660 0.213051
1680 0.198857
1700 0.207627
1720 0.18605
1740 0.341919
1760 0.426283
1780 0.309128
1800 0.214372
1820 0.315922
1840 0.0708732
1860 0.239815
1880 0.299672
1900 0.278866
1920 0.255938
1940 0.26846
1960 0.262641
1980 0.264534
2000 0.348642
2020 0.215582
2040 0.289247
2060 0.185299
2080 0.220017
2100 0.367584
2120 0.176101
2140 0.159679
2160 0.224604
2180 0.416819
2200 0.381729
2220 0.363096
2240 0.164851
2260 0.253222
2280 0.232327
2300 0.255142
2320 0.258772
2340 0.329855
2360 0.210013
2380 0.294257
2400 0.269219
2420 0.239143
2440 0.115281
2460 0.478216
2480 0.187041
2500 0.148662
2520 0.348308
2540 0.345415
2560 0.29833
2580 0.233005
2600 0.184788
2620 0.312929
2640 0.193114
2660 0.378359
2680 0.372367
2700 0.220682
2720 0.232885
2740 0.247545
2760 0.33205
2780 0.25269
2800 0.335995
2820 0.226727
2840 0.336161
2860 0.143203
2880 0.292401
2900 0.228894
2920 0.340336
2940 0.217884
2960 0.374683
2980 0.334845
3000 0.0841734
3020 0.235236
3040 0.346716
3060 0.243011
3080 0.274457
3100 0.115482
3120 0.286087
3140 0.359082
3160 0.104572
3180 0.267746
3200 0.114027
3220 0.245427
3240 0.286196
3260 0.422706
3280 0.227375
3300 0.165266
3320 0.244002
3340 0.466972
3360 0.366781
3380 0.239731
3400 0.449617
3420 0.262104
3440 0.259963
3460 0.40421
3480 0.295175
3500 0.167844
3520 0.239859
3540 0.221134
3560 0.257651
3580 0.170961
3600 0.240268
3620 0.25216
3640 0.343938
3660 0.407504
3680 0.307546
3700 0.30761
3720 0.209063
3740 0.483637
3760 0.175374
3780 0.229233
3800 0.157805
3820 0.358569
3840 0.321484
3860 0.610829
3880 0.320506
3900 0.192166
3920 0.364813
3940 0.198501
3960 0.135992
3980 0.193947
4000 0.322185
4020 0.365591
4040 0.315435
4060 0.334155
4080 0.437027
4100 0.235942
4120 0.0814082
4140 0.170545
4160 0.153225
4180 0.289224
4200 0.400324
4220 0.397969
4240 0.179557
4260 0.146298
4280 0.335089
4300 0.220631
4320 0.177264
4340 0.20334
4360 0.373757
4380 0.353858
4400 0.30345
4420 0.398222
4440 0.30249
4460 0.388353
4480 0.162326
4500 0.218506
4520 0.330512
4540 0.362112
4560 0.210087
4580 0.180441
4600 0.269952
4620 0.179223
4640 0.347944
4660 0.405601
4680 0.265827
4700 0.36004
4720 0.225716
4740 0.280891
4760 0.302242
4780 0.362118
4800 0.28778
4820 0.311057
4840 0.199429
4860 0.177448
4880 0.364877
4900 0.20744
4920 0.188184
4940 0.208639
4960 0.174668
4980 0.334905
5000 0.305443
5020 0.248385
5040 0.169313
5060 0.49667
5080 0.252205
5100 0.228233
5120 0.302357
5140 0.185527
5160 0.263608
5180 0.467119
5200 0.262555
5220 0.269124
5240 0.274216
5260 0.211891
5280 0.327045
5300 0.307397
5320 0.213021
5340 0.455364
5360 0.239081
5380 0.246992
5400 0.210442
5420 0.278167
5440 0.284987
5460 0.27092
5480 0.25511
5500 0.297067
5520 0.28891
5540 0.278882
5560 0.29988
5580 0.196602
5600 0.114147
5620 0.220931
5640 0.1207
5660 0.171184
5680 0.249248
5700 0.295629
5720 0.114876
5740 0.137246
5760 0.281326
5780 0.160554
5800 0.367044
5820 0.346185
5840 0.261079
5860 0.154595
5880 0.349719
5900 0.353759
5920 0.349856
5940 0.127487
5960 0.374717
5980 0.154299
6000 0.285823
6020 0.243415
6040 0.220288
6060 0.268582
6080 0.211696
6100 0.280598
6120 0.344814
6140 0.295222
6160 0.397058
6180 0.360523
6200 0.289899
6220 0.446839
6240 0.289906
6260 0.31164
6280 0.201816
6300 0.324751
6320 0.262343
6340 0.341352
6360 0.289119
6380 0.345614
6400 0.211416
6420 0.310585
6440 0.453981
6460 0.209502
6480 0.196405
6500 0.44491
6520 0.289845
6540 0.316597
6560 0.233969
6580 0.307209
6600 0.301597
6620 0.206997
6640 0.169973
6660 0.328933
6680 0.22404
6700 0.363305
6720 0.223963
6740 0.259345
6760 0.373287
6780 0.134627
6800 0.0543109
6820 0.215975
6840 0.198971
6860 0.361737
6880 0.286763
6900 0.152001
6920 0.30489
6940 0.186293
6960 0.399421
6980 0.395315
7000 0.350795
7020 0.132598
7040 0.298815
7060 0.409012
7080 0.244284
7100 0.163349
7120 0.171571
7140 0.118397
7160 0.237414
7180 0.306669
7200 0.198324
7220 0.258458
7240 0.342013
7260 0.15019
7280 0.252176
7300 0.150264
7320 0.166368
7340 0.213715
7360 0.147335
7380 0.262659
7400 0.25849
7420 0.414967
7440 0.380731
7460 0.1291
7480 0.224119
7500 0.21535
7520 0.228233
7540 0.358918
7560 0.286209
7580 0.221755
7600 0.356036
7620 0.348598
7640 0.251005
7660 0.27139
7680 0.238169
7700 0.464232
7720 0.190556
7740 0.113369
7760 0.341367
7780 0.218778
7800 0.175095
7820 0.325702
7840 0.405061
7860 0.172965
7880 0.201589
7900 0.16763
7920 0.318082
7940 0.271625
7960 0.228942
7980 0.252888
8000 0.387651
8020 0.18805
8040 0.387989
8060 0.369091
8080 0.181737
8100 0.258396
8120 0.246168
8140 0.12878
8160 0.372869
8180 0.364369
8200 0.285181
8220 0.202535
8240 0.142927
8260 0.353991
8280 0.189098
8300 0.191714
8320 0.201459
8340 0.131023
8360 0.17584
8380 0.238159
8400 0.126248
8420 0.102753
8440 0.246473
8460 0.13834
8480 0.121358
8500 0.255841
8520 0.223545
8540 0.170971
8560 0.314467
8580 0.22909
8600 0.350463
8620 0.255451
8640 0.211918
8660 0.323273
8680 0.42672
8700 0.367202
8720 0.248368
8740 0.128881
8760 0.289248
8780 0.360257
8800 0.253241
8820 0.182727
8840 0.321514
8860 0.444025
8880 0.093966
8900 0.267555
8920 0.176145
8940 0.249304
8960 0.370746
8980 0.300638
9000 0.330936
9020 0.208987
9040 0.138488
9060 0.244171
9080 0.243552
9100 0.250795
9120 0.302209
9140 0.153528
9160 0.366193
9180 0.287913
9200 0.330374
9220 0.247352
9240 0.186152
9260 0.117283
9280 0.323955
9300 0.134205
9320 0.186936
9340 0.202813
9360 0.290609
9380 0.326231
9400 0.348339
9420 0.365485
9440 0.273051
9460 0.217783
9480 0.273782
9500 0.428134
9520 0.310372
9540 0.175086
9560 0.260576
9580 0.26099
9600 0.175147
9620 0.252416
9640 0.267037
9660 0.175852
9680 0.240973
9700 0.157251
9720 0.412731
9740 0.326264
9760 0.142316
9780 0.26324
9800 0.322559
9820 0.417806
9840 0.433217
9860 0.243216
9880 0.209323
9900 0.21127
9920 0.314624
9940 0.146817
9960 0.215385
9980 0.326239
10000 0.187713
10020 0.224262
10040 0.293554
10060 0.219844
10080 0.245715
10100 0.336689
10120 0.11233
10140 0.179671
10160 0.256566
10180 0.354955
10200 0.281657
10220 0.292946
10240 0.318993
10260 0.316157
10280 0.268728
10300 0.329482
10320 0.155028
10340 0.300667
10360 0.427363
10380 0.333709
10400 0.344799
10420 0.127456
10440 0.495024
10460 0.166488
10480 0.368419
10500 0.283326
10520 0.260301
10540 0.20657
10560 0.189514
10580 0.271629
10600 0.242266
10620 0.391024
10640 0.281144
10660 0.248408
10680 0.277398
10700 0.343791
10720 0.360062
10740 0.188544
10760 0.382842
10780 0.187481
10800 0.369856
10820 0.358309
10840 0.203068
10860 0.17995
10880 0.253008
10900 0.198386
10920 0.37007
10940 0.21437
10960 0.122947
10980 0.372701
11000 0.34557
11020 0.446097
11040 0.281507
11060 0.187861
11080 0.0901232
11100 0.227157
11120 0.368983
11140 0.326678
11160 0.233694
11180 0.139285
11200 0.369341
11220 0.177591
11240 0.323382
11260 0.565781
11280 0.277235
11300 0.301149
11320 0.274528
11340 0.268597
11360 0.391283
11380 0.17873
11400 0.256941
11420 0.313776
11440 0.255146
11460 0.168255
11480 0.174698
11500 0.252852
11520 0.221048
11540 0.187109
11560 0.28505
11580 0.235052
11600 0.450722
11620 0.339908
11640 0.133321
11660 0.200099
11680 0.230374
11700 0.416616
11720 0.397294
11740 0.218036
11760 0.462514
11780 0.106745
11800 0.373294
11820 0.250521
11840 0.290792
11860 0.376611
11880 0.241709
11900 0.2929
11920 0.363335
11940 0.401868
11960 0.277489
11980 0.23858
12000 0.27133
12020 0.104315
12040 0.421409
12060 0.122807
12080 0.225574
12100 0.280252
12120 0.157228
12140 0.290919
12160 0.321887
12180 0.355272
12200 0.168249
12220 0.190207
12240 0.213949
12260 0.298558
12280 0.191725
12300 0.402543
12320 0.132948
12340 0.253473
12360 0.372755
12380 0.327274
12400 0.201121
12420 0.167744
12440 0.334563
12460 0.559892
12480 0.189364
12500 0.139097
12520 0.270681
12540 0.215701
12560 0.280352
12580 0.212889
12600 0.206266
12620 0.0898838
12640 0.447446
12660 0.215446
12680 0.324151
12700 0.155385
12720 0.217158
12740 0.194717
12760 0.276733
12780 0.317755
12800 0.14596
12820 0.170659
12840 0.227127
12860 0.281626
12880 0.337934
12900 0.143146
12920 0.212981
12940 0.21221
12960 0.246876
12980 0.156188
13000 0.414089
13020 0.32908
13040 0.173205
13060 0.344794
13080 0.168096
13100 0.0830303
13120 0.183605
13140 0.182946
13160 0.0662467
13180 0.249216
13200 0.0670426
13220 0.251641
13240 0.371284
13260 0.184263
13280 0.507047
13300 0.265663
13320 0.370185
13340 0.275933
13360 0.134706
13380 0.0616658
13400 0.284536
13420 0.309661
13440 0.230207
13460 0.341854
13480 0.323669
13500 0.307726
13520 0.321265
13540 0.148679
13560 0.152994
13580 0.280192
13600 0.413082
13620 0.283629
13640 0.321561
13660 0.103633
13680 0.183153
13700 0.27125
13720 0.353856
13740 0.309928
13760 0.204086
13780 0.325633
13800 0.202133
13820 0.372981
13840 0.379034
13860 0.280532
13880 0.209618
13900 0.437049
13920 0.230683
13940 0.23116
13960 0.197995
13980 0.107423
14000 0.301569
14020 0.299889
14040 0.219148
14060 0.230356
14080 0.271038
14100 0.158672
14120 0.169896
14140 0.248725
14160 0.314941
14180 0.0884427
14200 0.0461188
14220 0.14773
14240 0.341951
14260 0.117934
14280 0.242315
14300 0.480343
14320 0.133333
14340 0.335006
14360 0.360753
14380 0.246812
14400 0.248038
14420 0.254709
14440 0.304776
14460 0.150837
14480 0.434173
14500 0.345436
14520 0.12368
14540 0.177461
14560 0.389059
14580 0.150223
14600 0.0768743
14620 0.249139
14640 0.297227
14660 0.301246
14680 0.344196
14700 0.334682
14720 0.27549
14740 0.203409
14760 0.248741
14780 0.186741
14800 0.209456
14820 0.372559
14840 0.233241
14860 0.243199
14880 0.327938
14900 0.288926
14920 0.624031
14940 0.153965
14960 0.277513
14980 0.307502
15000 0.10611
15020 0.309535
15040 0.230769
15060 0.242958
15080 0.137762
15100 0.111872
15120 0.208189
15140 0.319258
15160 0.159376
15180 0.292799
15200 0.20621
15220 0.209944
15240 0.296335
15260 0.29952
15280 0.151747
15300 0.203922
15320 0.172997
15340 0.378873
15360 0.244872
15380 0.183873
15400 0.134189
15420 0.321895
15440 0.114638
15460 0.233328
15480 0.491619
15500 0.336199
15520 0.282265
15540 0.151354
15560 0.277102
15580 0.159716
15600 0.199909
15620 0.15055
15640 0.16831
15660 0.300798
15680 0.331799
15700 0.164094
15720 0.262252
15740 0.30437
15760 0.256236
15780 0.204673
15800 0.219838
15820 0.0559209
15840 0.272291
15860 0.243332
15880 0.27352
15900 0.248104
15920 0.30931
15940 0.269005
15960 0.179613
15980 0.211407
16000 0.0907697
16020 0.342078
16040 0.19485
16060 0.274145
16080 0.285549
16100 0.351958
16120 0.481132
16140 0.287762
16160 0.474951
16180 0.338189
16200 0.161687
16220 0.184187
16240 0.321113
16260 0.363983
16280 0.196776
16300 0.258951
16320 0.357824
16340 0.201154
16360 0.423459
16380 0.431874
16400 0.309681
16420 0.306145
16440 0.217436
16460 0.182079
16480 0.293749
16500 0.169144
16520 0.357585
16540 0.0526797
16560 0.181864
16580 0.21028
16600 0.321981
16620 0.22687
16640 0.189521
16660 0.278547
16680 0.40699
16700 0.227797
16720 0.23383
16740 0.378588
16760 0.476551
16780 0.275506
16800 0.260425
16820 0.294111
16840 0.182306
16860 0.282624
16880 0.295502
16900 0.19324
16920 0.232918
16940 0.211224
16960 0.279393
16980 0.410003
17000 0.487617
17020 0.365073
17040 0.26645
17060 0.0154276
17080 0.217083
17100 0.330052
17120 0.333609
17140 0.206629
17160 0.237465
17180 0.251763
17200 0.211166
17220 0.303258
17240 0.344548
17260 0.19842
17280 0.285627
17300 0.156469
17320 0.246959
17340 0.263694
17360 0.31096
17380 0.164574
17400 0.21698
17420 0.27405
17440 0.245363
17460 0.106078
17480 0.397172
17500 0.250077
17520 0.15088
17540 0.27176
17560 0.115493
17580 0.0472476
17600 0.371421
17620 0.303083
17640 0.285942
17660 0.336022
17680 0.440107
17700 0.231885
17720 0.111869
17740 0.156148
17760 0.300718
17780 0.306888
17800 0.324147
17820 0.314999
17840 0.290091
17860 0.372703
17880 0.140137
17900 0.227817
17920 0.303375
17940 0.214464
17960 0.24511
17980 0.318847
18000 0.284687
18020 0.367135
18040 0.202454
18060 0.232352
18080 0.481561
18100 0.251441
18120 0.162199
18140 0.303441
18160 0.199649
18180 0.198591
18200 0.126095
18220 0.168269
18240 0.356899
18260 0.225119
18280 0.220331
18300 0.288687
18320 0.0781974
18340 0.0377919
18360 0.222371
18380 0.228113
18400 0.19008
18420 0.207672
18440 0.285434
18460 0.181281
18480 0.217512
18500 0.247959
18520 0.320896
18540 0.139971
18560 0.110668
18580 0.258363
18600 0.179935
18620 0.19667
18640 0.523859
18660 0.253002
18680 0.208471
18700 0.223657
18720 0.159562
18740 0.251711
18760 0.205489
18780 0.220958
18800 0.201292
18820 0.0611601
18840 0.189312
18860 0.149437
18880 0.238779
18900 0.168178
18920 0.311584
18940 0.297155
18960 0.27813
18980 0.327875
19000 0.220905
19020 0.278203
19040 0.240753
19060 0.341412
19080 0.293783
19100 0.0997817
19120 0.0813395
19140 0.2091
19160 0.128778
19180 0.252098
19200 0.150386
19220 0.147042
19240 0.327402
19260 0.22189
19280 0.286618
19300 0.267603
19320 0.491822
19340 0.342451
19360 0.147456
19380 0.381325
19400 0.361271
19420 0.273161
19440 0.289453
19460 0.330428
19480 0.080634
19500 0.418256
19520 0.320722
19540 0.176835
19560 0.397638
19580 0.345115
19600 0.128187
19620 0.229979
19640 0.296806
19660 0.253161
19680 0.177456
19700 0.357417
19720 0.127528
19740 0.223793
19760 0.166141
19780 0.117581
19800 0.283532
19820 0.297227
19840 0.203382
19860 0.334504
19880 0.276535
19900 0.253311
19920 0.102054
19940 0.238179
19960 0.18243
19980 0.150914
20000 0.208972
20020 0.178914
20040 0.260132
20060 0.295119
20080 0.179712
20100 0.239384
20120 0.395848
20140 0.15975
20160 0.280622
20180 0.360652
20200 0.32657
20220 0.148923
20240 0.381665
20260 0.264172
20280 0.27817
20300 0.208951
20320 0.266758
20340 0.277134
20360 0.237326
20380 0.261372
20400 0.125671
20420 0.162776
20440 0.250489
20460 0.265016
20480 0.205244
20500 0.280438
20520 0.25967
20540 0.240869
20560 0.203909
20580 0.353512
20600 0.338398
20620 0.410068
20640 0.354093
20660 0.230894
20680 0.274569
20700 0.235492
20720 0.376501
20740 0.33012
20760 0.294379
20780 0.330145
20800 0.233168
20820 0.439353
20840 0.281001
20860 0.201847
20880 0.182714
20900 0.19046
20920 0.247953
20940 0.322879
20960 0.280335
20980 0.169575
21000 0.260393
21020 0.466551
21040 0.326111
21060 0.417109
21080 0.206617
21100 0.20747
21120 0.3465
21140 0.294247
21160 0.180137
21180 0.450101
21200 0.271899
21220 0.378759
21240 0.128962
21260 0.246291
21280 0.236012
21300 0.348029
21320 0.103467
21340 0.313344
21360 0.254513
21380 0.384336
21400 0.421332
21420 0.265171
21440 0.132548
21460 0.1326
21480 0.177121
21500 0.322134
21520 0.196042
21540 0.0948578
21560 0.17931
21580 0.204962
21600 0.235379
21620 0.192201
21640 0.112247
21660 0.252751
21680 0.254125
21700 0.134648
21720 0.153227
21740 0.244664
21760 0.180662
21780 0.16951
21800 0.372757
21820 0.204622
21840 0.111354
21860 0.19255
21880 0.29637
21900 0.29745
21920 0.247792
21940 0.35736
21960 0.175955
21980 0.229226
22000 0.294555
22020 0.323771
22040 0.175513
22060 0.373933
22080 0.160149
22100 0.312297
22120 0.333234
22140 0.166373
22160 0.232857
22180 0.215165
22200 0.383511
22220 0.256164
22240 0.287508
22260 0.0382249
22280 0.290633
22300 0.190523
22320 0.227606
22340 0.190286
22360 0.178421
22380 0.148587
22400 0.260703
22420 0.154512
22440 0.338106
22460 0.211922
22480 0.1377
22500 0.154256
22520 0.201803
22540 0.229095
22560 0.196028
22580 0.380242
22600 0.1939
22620 0.118355
22640 0.206381
22660 0.239784
22680 0.198914
22700 0.302773
22720 0.295855
22740 0.132235
22760 0.0875628
22780 0.287892
22800 0.216108
22820 0.142397
22840 0.3412
22860 0.190588
22880 0.255628
22900 0.274214
22920 0.092438
22940 0.494333
22960 0.143451
22980 0.173057
23000 0.267028
23020 0.267563
23040 0.250601
23060 0.224012
23080 0.427174
23100 0.32233
23120 0.18544
23140 0.236198
23160 0.272237
23180 0.42454
23200 0.148246
23220 0.128569
23240 0.33111
23260 0.304002
23280 0.422934
23300 0.0990833
23320 0.275659
23340 0.354232
23360 0.307591
23380 0.389178
23400 0.2916
23420 0.27342
23440 0.246466
23460 0.194163
23480 0.297519
23500 0.123335
23520 0.0868547
23540 0.247293
23560 0.129456
23580 0.238932
23600 0.34992
23620 0.126816
23640 0.204101
23660 0.199277
23680 0.20102
23700 0.218571
23720 0.150264
23740 0.200338
23760 0.283543
23780 0.315021
23800 0.160842
23820 0.247306
23840 0.36561
23860 0.199173
23880 0.310588
23900 0.264055
23920 0.261464
23940 0.270026
23960 0.354316
23980 0.364521
24000 0.105515
24020 0.206031
24040 0.216498
24060 0.321354
24080 0.237194
24100 0.259236
24120 0.0262117
24140 0.347851
24160 0.212101
24180 0.186957
24200 0.182265
24220 0.172866
24240 0.295576
24260 0.27201
24280 0.0508601
24300 0.191449
24320 0.35569
24340 0.234578
24360 0.256205
24380 0.2744
24400 0.466848
24420 0.28391
24440 0.183986
24460 0.431907
24480 0.149552
24500 0.20364
24520 0.349518
24540 0.218998
24560 0.399978
24580 0.301453
24600 0.301423
24620 0.261555
24640 0.197836
24660 0.261338
24680 0.219784
24700 0.223754
24720 0.180863
24740 0.198526
24760 0.175133
24780 0.220746
24800 0.408947
24820 0.306659
24840 0.232395
24860 0.342352
24880 0.200253
24900 0.409203
24920 0.270876
24940 0.249645
24960 0.394224
24980 0.421705
25000 0.384306
25020 0.217922
25040 0.352973
25060 0.337488
25080 0.370069
25100 0.16056
25120 0.203619
25140 0.178989
25160 0.300457
25180 0.472811
25200 0.31155
25220 0.267749
25240 0.18539
25260 0.318571
25280 0.324366
25300 0.22686
25320 0.231863
25340 0.160505
25360 0.28267
25380 0.239823
25400 0.0967972
25420 0.145505
25440 0.277055
25460 0.222346
25480 0.195793
25500 0.311972
25520 0.218018
25540 0.422503
25560 0.338048
25580 0.147571
25600 0.164046
25620 0.363986
25640 0.212651
25660 0.120451
25680 0.268857
25700 0.111028
25720 0.0238345
25740 0.186111
25760 0.462155
25780 0.250203
25800 0.250048
25820 0.199365
25840 0.23619
25860 0.306636
25880 0.387507
25900 0.380999
25920 0.274227
25940 0.264206
25960 0.110282
25980 0.153467
26000 0.302809
26020 0.295518
26040 0.185653
26060 0.261152
26080 0.202143
26100 0.251097
26120 0.237121
26140 0.245973
26160 0.249866
26180 0.185897
26200 0.22202
26220 0.182072
26240 0.184016
26260 0.373436
26280 0.274177
26300 0.184135
26320 0.216741
26340 0.264314
26360 0.178966
26380 0.195963
26400 0.285057
26420 0.103374
26440 0.22783
26460 0.401143
26480 0.269258
26500 0.346423
26520 0.335833
26540 0.277898
26560 0.176827
26580 0.15955
26600 0.210506
26620 0.277582
26640 0.256407
26660 0.126302
26680 0.140398
26700 0.227603
26720 0.314508
26740 0.192141
26760 0.344293
26780 0.134331
26800 0.183598
26820 0.178276
26840 0.30751
26860 0.383154
26880 0.427658
26900 0.210576
26920 0.164911
26940 0.336829
26960 0.322231
26980 0.208542
27000 0.237811
27020 0.520497
27040 0.266251
27060 0.236692
27080 0.225621
27100 0.316175
27120 0.304145
27140 0.362889
27160 0.208065
27180 0.12687
27200 0.218776
27220 0.278221
27240 0.151754
27260 0.216266
27280 0.290085
27300 0.0967439
27320 0.214047
27340 0.262734
27360 0.199062
27380 0.139947
27400 0.280363
27420 0.36433
27440 0.268774
27460 0.15369
27480 0.281512
27500 0.326201
27520 0.279078
27540 0.175833
27560 0.318983
27580 0.24523
27600 0.242032
27620 0.143317
27640 0.258735
27660 0.2416
27680 0.172383
27700 0.333661
27720 0.225389
27740 0.230703
27760 0.274573
27780 0.30293
27800 0.295277
27820 0.137321
27840 0.181445
27860 0.276133
27880 0.270293
27900 0.379024
27920 0.323386
27940 0.236283
27960 0.202834
27980 0.300289
28000 0.201147
28020 0.386408
28040 0.166611
28060 0.155783
28080 0.263934
28100 0.211289
28120 0.337604
28140 0.31906
28160 0.195709
28180 0.185934
28200 0.303195
28220 0.126444
28240 0.249826
28260 0.320468
28280 0.314649
28300 0.160314
28320 0.412109
28340 0.282466
28360 0.388012
28380 0.264672
28400 0.175227
28420 0.25207
28440 0.193925
28460 0.302338
28480 0.203902
28500 0.38556
28520 0.163396
28540 0.353538
28560 0.291604
28580 0.370657
28600 0.150913
28620 0.325105
28640 0.261315
28660 0.126744
28680 0.315859
28700 0.191881
28720 0.355538
28740 0.27713
28760 0.336443
28780 0.284161
28800 0.386566
28820 0.257213
28840 0.348668
28860 0.229397
28880 0.319635
28900 0.18967
28920 0.347051
28940 0.196813
28960 0.248316
28980 0.0915218
29000 0.406962
29020 0.167791
29040 0.307289
29060 0.101879
29080 0.314992
29100 0.329475
29120 0.307582
29140 0.308302
29160 0.0930968
29180 0.310754
29200 0.294996
29220 0.163441
29240 0.179297
29260 0.11466
29280 0.188835
29300 0.345927
29320 0.184754
29340 0.254689
29360 0.284275
29380 0.172168
29400 0.192361
29420 0.0957833
29440 0.316767
29460 0.186097
29480 0.190312
29500 0.47376
29520 0.143203
29540 0.110449
29560 0.321162
29580 0.345801
29600 0.0614359
29620 0.210282
29640 0.361766
29660 0.102136
29680 0.237397
29700 0.165638
29720 0.235895
29740 0.178244
29760 0.350784
29780 0.213988
29800 0.282471
29820 0.11867
29840 0.224858
29860 0.241756
29880 0.387687
29900 0.301729
29920 0.0948518
29940 0.282009
29960 0.380594
29980 0.240582
30000 0.291171
30020 0.24777
30040 0.315712
30060 0.443855
30080 0.246633
30100 0.262243
30120 0.198869
30140 0.256825
30160 0.329162
30180 0.44165
30200 0.261563
30220 0.196183
30240 0.25798
30260 0.0871331
30280 0.17749
30300 0.281045
30320 0.176114
30340 0.229525
30360 0.173085
30380 0.322507
30400 0.138465
30420 0.219942
30440 0.155052
30460 0.212855
30480 0.166682
30500 0.298458
30520 0.262033
30540 0.245248
30560 0.199367
30580 0.296835
30600 0.312348
30620 0.198237
30640 0.283855
30660 0.219382
30680 0.27318
30700 0.210699
30720 0.151813
30740 0.270732
30760 0.329819
30780 0.188751
30800 0.27366
30820 0.179073
30840 0.329248
30860 0.371228
30880 0.213663
30900 0.226413
30920 0.107118
30940 0.112222
30960 0.340236
30980 0.26065
31000 0.217479
31020 0.221306
31040 0.177159
31060 0.23033
31080 0.270318
31100 0.276345
31120 0.240934
31140 0.202288
31160 0.167309
31180 0.213597
31200 0.385106
31220 0.119375
31240 0.163131
31260 0.378872
31280 0.199381
31300 0.404538
31320 0.151621
31340 0.170363
31360 0.330854
31380 0.243369
31400 0.197972
31420 0.37168
31440 0.299896
31460 0.282089
31480 0.2703
31500 0.320946
31520 0.307368
31540 0.255626
31560 0.296311
31580 0.174451
31600 0.189093
31620 0.295348
31640 0.195266
31660 0.247812
31680 0.174465
31700 0.0964412
31720 0.242763
31740 0.227693
31760 0.228778
31780 0.335713
31800 0.166061
31820 0.457225
31840 0.315438
31860 0.181731
31880 0.154949
31900 0.282373
31920 0.270898
31940 0.304582
31960 0.217453
31980 0.348722
32000 0.200375
32020 0.0751674
32040 0.284307
32060 0.129431
32080 0.242241
32100 0.270946
32120 0.182106
32140 0.288807
32160 0.286506
32180 0.137864
32200 0.253246
32220 0.0797018
32240 0.242826
32260 0.272982
32280 0.313708
32300 0.142635
32320 0.329162
32340 0.140871
32360 0.358343
32380 0.235934
32400 0.290944
32420 0.254505
32440 0.119229
32460 0.164512
32480 0.12163
32500 0.256961
32520 0.214567
32540 0.297466
32560 0.200739
32580 0.313784
32600 0.211034
32620 0.260305
32640 0.206169
32660 0.233387
32680 0.174157
32700 0.128487
32720 0.334354
32740 0.357257
32760 0.157922
32780 0.244733
32800 0.16052
32820 0.0967996
32840 0.295143
32860 0.256299
32880 0.338725
32900 0.373484
32920 0.10853
32940 0.231119
32960 0.224687
32980 0.464488
33000 0.355561
33020 0.217771
33040 0.304986
33060 0.291687
33080 0.342637
33100 0.224885
33120 0.1065
33140 0.26869
33160 0.184146
33180 0.277793
33200 0.271286
33220 0.343909
33240 0.178933
33260 0.152059
33280 0.314807
33300 0.308309
33320 0.184625
33340 0.129762
33360 0.354582
33380 0.333032
33400 0.242616
33420 0.362922
33440 0.281893
33460 0.380201
33480 0.272548
33500 0.208761
33520 0.240205
33540 0.168341
33560 0.157496
33580 0.208662
33600 0.200063
33620 0.204561
33640 0.323634
33660 0.256424
33680 0.232994
33700 0.194934
33720 0.227657
33740 0.17597
33760 0.304543
33780 0.188226
33800 0.219298
33820 0.213342
33840 0.242099
33860 0.13471
33880 0.270603
33900 0.126701
33920 0.183887
33940 0.412905
33960 0.219151
33980 0.423964
34000 0.386985
34020 0.24702
34040 0.289231
34060 0.132997
34080 0.224061
34100 0.21893
34120 0.0991419
34140 0.331347
34160 0.260315
34180 0.236129
34200 0.212081
34220 0.112549
34240 0.145703
34260 0.246048
34280 0.163364
34300 0.179745
34320 0.148199
34340 0.325709
34360 0.198563
34380 0.379165
34400 0.213886
34420 0.268014
34440 0.279032
34460 0.32897
34480 0.183899
34500 0.177445
34520 0.170995
34540 0.194676
34560 0.260284
34580 0.182977
34600 0.0871925
34620 0.343985
34640 0.305289
34660 0.256893
34680 0.365983
34700 0.241841
34720 0.109759
34740 0.139281
34760 0.273211
34780 0.340844
34800 0.175188
34820 0.321591
34840 0.264775
34860 0.216487
34880 0.2663
34900 0.0831174
34920 0.319074
34940 0.235412
34960 0.105557
34980 0.218235
35000 0.217259
35020 0.321757
35040 0.314063
35060 0.221687
35080 0.195187
35100 0.174615
35120 0.159392
35140 0.271396
35160 0.266294
35180 0.442204
35200 0.212762
35220 0.314595
35240 0.262685
35260 0.161992
35280 0.119238
35300 0.183163
35320 0.254918
35340 0.363398
35360 0.261469
35380 0.383602
35400 0.24426
35420 0.199777
35440 0.321564
35460 0.220421
35480 0.306571
35500 0.142864
35520 0.316852
35540 0.140635
35560 0.20739
35580 0.132627
35600 0.286569
35620 0.488468
35640 0.330922
35660 0.255233
35680 0.196588
35700 0.330844
35720 0.182183
35740 0.281734
35760 0.182563
35780 0.3724
35800 0.229093
35820 0.204141
35840 0.0708635
35860 0.274193
35880 0.359754
35900 0.19704
35920 0.253444
35940 0.222018
35960 0.088484
35980 0.310523
36000 0.331255
36020 0.296645
36040 0.237967
36060 0.287634
36080 0.328487
36100 0.251583
36120 0.166377
36140 0.190294
36160 0.151997
36180 0.361589
36200 0.51238
36220 0.196693
36240 0.0484565
36260 0.323434
36280 0.255604
36300 0.15462
36320 0.0972335
36340 0.221142
36360 0.319525
36380 0.102248
36400 0.257537
36420 0.126219
36440 0.18565
36460 0.453365
36480 0.276958
36500 0.285081
36520 0.359834
36540 0.226577
36560 0.238048
36580 0.25489
36600 0.199617
36620 0.180886
36640 0.410336
36660 0.17395
36680 0.343775
36700 0.325985
36720 0.234468
36740 0.279081
36760 0.381268
36780 0.182691
36800 0.175625
36820 0.13259
36840 0.154125
36860 0.122226
36880 0.307945
36900 0.143587
36920 0.270867
36940 0.491359
36960 0.148152
36980 0.302963
37000 0.230608
37020 0.24712
37040 0.29496
37060 0.10667
37080 0.230333
37100 0.157696
37120 0.272803
37140 0.135515
37160 0.166379
37180 0.394148
37200 0.179717
37220 0.280899
37240 0.110821
37260 0.237358
37280 0.292402
37300 0.160164
37320 0.20613
37340 0.221957
37360 0.336898
37380 0.202302
37400 0.331229
37420 0.300643
37440 0.232551
37460 0.249593
37480 0.168736
37500 0.170051
37520 0.256759
37540 0.182187
37560 0.137711
37580 0.271622
37600 0.252187
37620 0.341569
37640 0.140212
37660 0.21216
37680 0.260706
37700 0.209307
37720 0.266847
37740 0.246417
37760 0.334112
37780 0.231635
37800 0.20181
37820 0.353742
37840 0.383927
37860 0.170003
37880 0.463603
37900 0.290291
37920 0.343258
37940 0.228425
37960 0.234782
37980 0.223287
38000 0.180688
38020 0.340059
38040 0.136096
38060 0.161147
38080 0.147332
38100 0.262071
38120 0.2007
38140 0.368508
38160 0.507641
38180 0.217445
38200 0.264544
38220 0.360753
38240 0.27387
38260 0.134402
38280 0.131086
38300 0.279865
38320 0.34203
38340 0.262429
38360 0.199015
38380 0.199762
38400 0.111379
38420 0.258511
38440 0.20162
38460 0.267909
38480 0.323903
38500 0.347838
38520 0.26151
38540 0.392063
38560 0.354226
38580 0.292134
38600 0.359363
38620 0.257939
38640 0.158531
38660 0.304626
38680 0.217668
38700 0.22077
38720 0.309855
38740 0.335966
38760 0.271452
38780 0.0829059
38800 0.289613
38820 0.217298
38840 0.106832
38860 0.233652
38880 0.191227
38900 0.178771
38920 0.237009
38940 0.278241
38960 0.239258
38980 0.16221
39000 0.136403
39020 0.335956
39040 0.238775
39060 0.259832
39080 0.158258
39100 0.204435
39120 0.1973
39140 0.321673
39160 0.365896
39180 0.324884
39200 0.248863
39220 0.0955773
39240 0.22982
39260 0.178235
39280 0.154807
39300 0.318804
39320 0.142944
39340 0.194596
39360 0.280182
39380 0.400733
39400 0.390466
39420 0.259761
39440 0.0366326
39460 0.0686672
39480 0.315166
39500 0.221801
39520 0.167079
39540 0.0396616
39560 0.279157
39580 0.289044
39600 0.260535
39620 0.164114
39640 0.104576
39660 0.334793
39680 0.23419
39700 0.400445
39720 0.274487
39740 0.378523
39760 0.165468
39780 0.168948
39800 0.144749
39820 0.216729
39840 0.20353
39860 0.234489
39880 0.295932
39900 0.2063
39920 0.248388
39940 0.384167
39960 0.120046
39980 0.165589
