0 1.88977
20 0.870878
40 0.65448
60 0.503404
80 0.74074
100 0.644059
120 0.929238
140 0.59129
160 0.398276
180 0.673472
200 0.654758
220 0.522516
240 0.998747
260 0.777302
280 0.515546
300 0.430365
320 0.840896
340 0.488556
360 0.815871
380 0.324912
400 0.611442
420 0.60753
440 0.522981
460 0.482067
480 0.466908
500 0.353647
520 0.340814
540 0.598868
560 0.56278
580 0.61126
600 0.355708
620 0.532235
640 0.638669
660 0.707475
680 0.343905
700 0.284195
720 0.651753
740 0.418503
760 0.763791
780 0.210315
800 0.517113
820 0.254894
840 0.409837
860 0.601702
880 0.612852
900 0.386804
920 0.498792
940 0.682158
960 0.327835
980 0.430373
1000 0.392551
1020 0.374332
1040 0.334696
1060 0.511619
1080 0.258032
1100 0.550229
1120 0.604321
1140 0.374738
1160 0.28639
1180 0.409581
1200 0.319518
1220 0.417426
1240 0.20309
1260 0.582708
1280 0.393664
1300 0.887342
1320 0.555637
1340 0.435134
1360 0.487534
1380 0.595326
1400 0.577591
1420 0.249367
1440 0.393337
1460 0.271751
1480 0.625244
1500 0.259074
1520 0.482455
1540 0.628271
1560 0.383651
1580 0.223406
1600 0.330464
1620 0.42576
1640 0.53856
1660 0.208725
1680 0.47885
1700 0.246595
1720 0.501791
1740 0.31934
1760 0.478987
1780 0.418855
1800 0.374786
1820 0.458051
1840 0.538792
1860 0.397931
1880 0.597945
1900 0.407558
1920 0.482441
1940 0.537538
1960 0.35296
1980 0.396607
2000 0.43938
2020 0.328869
2040 0.294676
2060 0.417742
2080 0.316121
2100 0.394799
2120 0.523169
2140 0.303203
2160 0.418674
2180 0.45849
2200 0.455945
2220 0.423783
2240 0.387948
2260 0.423893
2280 0.516519
2300 0.362481
2320 0.353193
2340 0.284605
2360 0.413674
2380 0.334588
2400 0.38464
2420 0.412945
2440 0.248338
2460 0.17223
2480 0.320262
2500 0.469739
2520 0.286629
2540 0.544415
2560 0.425622
2580 0.466569
2600 0.327917
2620 0.733744
2640 0.547741
2660 0.336606
2680 0.277426
2700 0.36773
2720 0.59152
2740 0.383764
2760 0.0488275
2780 0.300501
2800 0.332745
2820 0.35753
2840 0.321805
2860 0.346685
2880 0.356185
2900 0.59471
2920 0.288184
2940 0.639595
2960 0.0785496
2980 0.59318
3000 0.344676
3020 0.449455
3040 0.432978
3060 0.41743
3080 0.22556
3100 0.387337
3120 0.247065
3140 0.48921
3160 0.25661
3180 0.516336
3200 0.26235
3220 0.345695
3240 0.350145
3260 0.314171
3280 0.275154
3300 0.397495
3320 0.334521
3340 0.481998
3360 0.65383
3380 0.552797
3400 0.423652
3420 0.496057
3440 0.357174
3460 0.351933
3480 0.325542
3500 0.518619
3520 0.461223
3540 0.35992
3560 0.277111
3580 0.545913
3600 0.529081
3620 0.574954
3640 0.356689
3660 0.274155
3680 0.296577
3700 0.446022
3720 0.270578
3740 0.336455
3760 0.258522
3780 0.21222
3800 0.224358
3820 0.311748
3840 0.233306
3860 0.468528
3880 0.36998
3900 0.342228
3920 0.334209
3940 0.170131
3960 0.248381
3980 0.519444
4000 0.395824
4020 0.4404
4040 0.406902
4060 0.203191
4080 0.342607
4100 0.249752
4120 0.421497
4140 0.231312
4160 0.20788
4180 0.216615
4200 0.325746
4220 0.284866
4240 0.358684
4260 0.383464
4280 0.491313
4300 0.351414
4320 0.332844
4340 0.21845
4360 0.370151
4380 0.374726
4400 0.197034
4420 0.311007
4440 0.303003
4460 0.314569
4480 0.295002
4500 0.47959
4520 0.252012
4540 0.350361
4560 0.338181
4580 0.35447
4600 0.187329
4620 0.25864
4640 0.316823
4660 0.272292
4680 0.309846
4700 0.379802
4720 0.438039
4740 0.495077
4760 0.410112
4780 0.249229
4800 0.421707
4820 0.433082
4840 0.282653
4860 0.589351
4880 0.328155
4900 0.361035
4920 0.333905
4940 0.259257
4960 0.346854
4980 0.351459
5000 0.277488
5020 0.400419
5040 0.283267
5060 0.512984
5080 0.367916
5100 0.262634
5120 0.397403
5140 0.488564
5160 0.323995
5180 0.278734
5200 0.368166
5220 0.319575
5240 0.188485
5260 0.46658
5280 0.143024
5300 0.255021
5320 0.219143
5340 0.2796
5360 0.306063
5380 0.427345
5400 0.250786
5420 0.425216
5440 0.361508
5460 0.237428
5480 0.590372
5500 0.431594
5520 0.424383
5540 0.289654
5560 0.156976
5580 0.437282
5600 0.378333
5620 0.170427
5640 0.341539
5660 0.199911
5680 0.228548
5700 0.320855
5720 0.251598
5740 0.140915
5760 0.261025
5780 0.590451
5800 0.162048
5820 0.343038
5840 0.487299
5860 0.389199
5880 0.405833
5900 0.294769
5920 0.338752
5940 0.345209
5960 0.275856
5980 0.461539
6000 0.284365
6020 0.439852
6040 0.40621
6060 0.281812
6080 0.450672
6100 0.420574
6120 0.366762
6140 0.181913
6160 0.348416
6180 0.360815
6200 0.538837
6220 0.444611
6240 0.630606
6260 0.282911
6280 0.295774
6300 0.333353
6320 0.271721
6340 0.370151
6360 0.315952
6380 0.276182
6400 0.283456
6420 0.206598
6440 0.229198
6460 0.426705
6480 0.460192
6500 0.171231
6520 0.221897
6540 0.389441
6560 0.391732
6580 0.326849
6600 0.313126
6620 0.436309
6640 0.330003
6660 0.265068
6680 0.519447
6700 0.457701
6720 0.454629
6740 0.353248
6760 0.339154
6780 0.208656
6800 0.185055
6820 0.290932
6840 0.534812
6860 0.142562
6880 0.253281
6900 0.219636
6920 0.236398
6940 0.477499
6960 0.339606
6980 0.372784
7000 0.311345
7020 0.113273
7040 0.364157
7060 0.136455
7080 0.378669
7100 0.220421
7120 0.577322
7140 0.425866
7160 0.249197
7180 0.355338
7200 0.287027
7220 0.260081
7240 0.49329
7260 0.153792
7280 0.245719
7300 0.247061
7320 0.272352
7340 0.40378
7360 0.147722
7380 0.338505
7400 0.239789
7420 0.356116
7440 0.43336
7460 0.20433
7480 0.271896
7500 0.432489
7520 0.401919
7540 0.375097
7560 0.326911
7580 0.324051
7600 0.251943
7620 0.332629
7640 0.466225
7660 0.331415
7680 0.381144
7700 0.384329
7720 0.283174
7740 0.369175
7760 0.327543
7780 0.202255
7800 0.426014
7820 0.470567
7840 0.371583
7860 0.241383
7880 0.608959
7900 0.317727
7920 0.518318
7940 0.381469
7960 0.25802
7980 0.55225
8000 0.280215
8020 0.216971
8040 0.145393
8060 0.183219
8080 0.3473
8100 0.301155
8120 0.300356
8140 0.230578
8160 0.368814
8180 0.39755
8200 0.306785
8220 0.385497
8240 0.309854
8260 0.132592
8280 0.389448
8300 0.227805
8320 0.394808
8340 0.214188
8360 0.463403
8380 0.394198
8400 0.265658
8420 0.34182
8440 0.468214
8460 0.442011
8480 0.491057
8500 0.409768
8520 0.10767
8540 0.315386
8560 0.312986
8580 0.278317
8600 0.30282
8620 0.283013
8640 0.332984
8660 0.198944
8680 0.229138
8700 0.217113
8720 0.469685
8740 0.23852
8760 0.463996
8780 0.242589
8800 0.28378
8820 0.303678
8840 0.291846
8860 0.400522
8880 0.548865
8900 0.231381
8920 0.21332
8940 0.372195
8960 0.208892
8980 0.345343
9000 0.259619
9020 0.158766
9040 0.375622
9060 0.272732
9080 0.249529
9100 0.28251
9120 0.194505
9140 0.187115
9160 0.186959
9180 0.374442
9200 0.346305
9220 0.232547
9240 0.308245
9260 0.355376
9280 0.402001
9300 0.317056
9320 0.253267
9340 0.167736
9360 0.209079
9380 0.201511
9400 0.267104
9420 0.126431
9440 0.456565
9460 0.449163
9480 0.25868
9500 0.458044
9520 0.338044
9540 0.390682
9560 0.204885
9580 0.295387
9600 0.29415
9620 0.234623
9640 0.245151
9660 0.404832
9680 0.163544
9700 0.382954
9720 0.301611
9740 0.323104
9760 0.299118
9780 0.23111
9800 0.256637
9820 0.270131
9840 0.317621
9860 0.363247
9880 0.431024
9900 0.251683
9920 0.135406
9940 0.204006
9960 0.332933
9980 0.233675
10000 0.22876
10020 0.28347
10040 0.265521
10060 0.370487
10080 0.146943
10100 0.248484
10120 0.133956
10140 0.371357
10160 0.233256
10180 0.210887
10200 0.311375
10220 0.35232
10240 0.394769
10260 0.585244
10280 0.238134
10300 0.348773
10320 0.3509
10340 0.313638
10360 0.341051
10380 0.343544
10400 0.419477
10420 0.326979
10440 0.291698
10460 0.262382
10480 0.2339
10500 0.442241
10520 0.156131
10540 0.456153
10560 0.212108
10580 0.461919
10600 0.313163
10620 0.270119
10640 0.31075
10660 0.144685
10680 0.318305
10700 0.283703
10720 0.391086
10740 0.351703
10760 0.341242
10780 0.274663
10800 0.292636
10820 0.558782
10840 0.288817
10860 0.488634
10880 0.354228
10900 0.420118
10920 0.257389
10940 0.338118
10960 0.152643
10980 0.471645
11000 0.297877
11020 0.235371
11040 0.205733
11060 0.657598
11080 0.281812
11100 0.26855
11120 0.238298
11140 0.263636
11160 0.372364
11180 0.435909
11200 0.217938
11220 0.382379
11240 0.416817
11260 0.273279
11280 0.305418
11300 0.302071
11320 0.466597
11340 0.204311
11360 0.428864
11380 0.331964
11400 0.603368
11420 0.346711
11440 0.46466
11460 0.379914
11480 0.185906
11500 0.228496
11520 0.221337
11540 0.257819
11560 0.244214
11580 0.133108
11600 0.789604
11620 0.30128
11640 0.275491
11660 0.31636
11680 0.284355
11700 0.401248
11720 0.438498
11740 0.361139
11760 0.277956
11780 0.352279
11800 0.293833
11820 0.228971
11840 0.515106
11860 0.434177
11880 0.252288
11900 0.377948
11920 0.411027
11940 0.336411
11960 0.141558
11980 0.361894
12000 0.292033
12020 0.334191
12040 0.342601
12060 0.326381
12080 0.163148
12100 0.375483
12120 0.195195
12140 0.204846
12160 0.28561
12180 0.291233
12200 0.282086
12220 0.294606
12240 0.473119
12260 0.327483
12280 0.147332
12300 0.195818
12320 0.339222
12340 0.206106
12360 0.335047
12380 0.319069
12400 0.105474
12420 0.156683
12440 0.249517
12460 0.197631
12480 0.232998
12500 0.31262
12520 0.42322
12540 0.241022
12560 0.348985
12580 0.265254
12600 0.253766
12620 0.222921
12640 0.378235
12660 0.217729
12680 0.2442
12700 0.295784
12720 0.466349
12740 0.307593
12760 0.293824
12780 0.302184
12800 0.219575
12820 0.277755
12840 0.365912
12860 0.533103
12880 0.359117
12900 0.190478
12920 0.18086
12940 0.510843
12960 0.226667
12980 0.179165
13000 0.180988
13020 0.361741
13040 0.383458
13060 0.319026
13080 0.517393
13100 0.410376
13120 0.242498
13140 0.350895
13160 0.529578
13180 0.231621
13200 0.222956
13220 0.235195
13240 0.189445
13260 0.245632
13280 0.410189
13300 0.351075
13320 0.32004
13340 0.407763
13360 0.211938
13380 0.250097
13400 0.425183
13420 0.283467
13440 0.220217
13460 0.322743
13480 0.345419
13500 0.502255
13520 0.402294
13540 0.156758
13560 0.0741754
13580 0.414453
13600 0.276872
13620 0.329632
13640 0.396496
13660 0.127666
13680 0.417492
13700 0.323264
13720 0.441881
13740 0.0827583
13760 0.306067
13780 0.228936
13800 0.216933
13820 0.302563
13840 0.304293
13860 0.132341
13880 0.174707
13900 0.450216
13920 0.393939
13940 0.43277
13960 0.190062
13980 0.211058
14000 0.355106
14020 0.174844
14040 0.274775
14060 0.182392
14080 0.241373
14100 0.227742
14120 0.216612
14140 0.283682
14160 0.30939
14180 0.539222
14200 0.252277
14220 0.342308
14240 0.354882
14260 0.687348
14280 0.266503
14300 0.224668
14320 0.461536
14340 0.375112
14360 0.298385
14380 0.360147
14400 0.211439
14420 0.399408
14440 0.276288
14460 0.182906
14480 0.509788
14500 0.30694
14520 0.234864
14540 0.228749
14560 0.275613
14580 0.22556
14600 0.505282
14620 0.355972
14640 0.214427
14660 0.248356
14680 0.223734
14700 0.179528
14720 0.384831
14740 0.35251
14760 0.247796
14780 0.277385
14800 0.227258
14820 0.298622
14840 0.31824
14860 0.37351
14880 0.295117
14900 0.487261
14920 0.459855
14940 0.210674
14960 0.232781
14980 0.257192
15000 0.296011
15020 0.421808
15040 0.282003
15060 0.334617
15080 0.434709
15100 0.214417
15120 0.417642
15140 0.227355
15160 0.416761
15180 0.321766
15200 0.273913
15220 0.263968
15240 0.225239
15260 0.288317
15280 0.211695
15300 0.389093
15320 0.390893
15340 0.332171
15360 0.25645
15380 0.249981
15400 0.214134
15420 0.349471
15440 0.26995
15460 0.403561
15480 0.388038
15500 0.243217
15520 0.318851
15540 0.411939
15560 0.44069
15580 0.238696
15600 0.29695
15620 0.174914
15640 0.360426
15660 0.166912
15680 0.444382
15700 0.247502
15720 0.28086
15740 0.373545
15760 0.669913
15780 0.339281
15800 0.258581
15820 0.239571
15840 0.335223
15860 0.321025
15880 0.342238
15900 0.307493
15920 0.152933
15940 0.398008
15960 0.328885
15980 0.423545
16000 0.298712
16020 0.39131
16040 0.33337
16060 0.227973
16080 0.390634
16100 0.351807
16120 0.223776
16140 0.301348
16160 0.284722
16180 0.15894
16200 0.195577
16220 0.243325
16240 0.330196
16260 0.343226
16280 0.275916
16300 0.360324
16320 0.406143
16340 0.271661
16360 0.441157
16380 0.24397
16400 0.183212
16420 0.223406
16440 0.265615
16460 0.213899
16480 0.124682
16500 0.248091
16520 0.524217
16540 0.498036
16560 0.483402
16580 0.385718
16600 0.296228
16620 0.25529
16640 0.311145
16660 0.179052
16680 0.246301
16700 0.319227
16720 0.276906
16740 0.275412
16760 0.189577
16780 0.289762
16800 0.325569
16820 0.329149
16840 0.304018
16860 0.221837
16880 0.228957
16900 0.468181
16920 0.262465
16940 0.24959
16960 0.193186
16980 0.224877
17000 0.275821
17020 0.268713
17040 0.327033
17060 0.180041
17080 0.442891
17100 0.206622
17120 0.393748
17140 0.325822
17160 0.21829
17180 0.312616
17200 0.34941
17220 0.326247
17240 0.177372
17260 0.184751
17280 0.204609
17300 0.262539
17320 0.212461
17340 0.330911
17360 0.278164
17380 0.226915
17400 0.266638
17420 0.206806
17440 0.388149
17460 0.488805
17480 0.185339
17500 0.21955
17520 0.296742
17540 0.243577
17560 0.311589
17580 0.217656
17600 0.213097
17620 0.340928
17640 0.29073
17660 0.20131
17680 0.247266
17700 0.178219
17720 0.168362
17740 0.321292
17760 0.27896
17780 0.319323
17800 0.277125
17820 0.339039
17840 0.299538
17860 0.276784
17880 0.318659
17900 0.196012
17920 0.231281
17940 0.207449
17960 0.227637
17980 0.190696
18000 0.220294
18020 0.268837
18040 0.327525
18060 0.162672
18080 0.295305
18100 0.477019
18120 0.466397
18140 0.202133
18160 0.263399
18180 0.209503
18200 0.477096
18220 0.252423
18240 0.243432
18260 0.340089
18280 0.32627
18300 0.35841
18320 0.364171
18340 0.241364
18360 0.443634
18380 0.209251
18400 0.155644
18420 0.342617
18440 0.125829
18460 0.185631
18480 0.386406
18500 0.206175
18520 0.257669
18540 0.2691
18560 0.242065
18580 0.157447
18600 0.224603
18620 0.233538
18640 0.286076
18660 0.273439
18680 0.257978
18700 0.292347
18720 0.237314
18740 0.376991
18760 0.158935
18780 0.160835
18800 0.244809
18820 0.267721
18840 0.262186
18860 0.240881
18880 0.313688
18900 0.293371
18920 0.262204
18940 0.192357
18960 0.226572
18980 0.274518
19000 0.295648
19020 0.117269
19040 0.358959
19060 0.161405
19080 0.434278
19100 0.219694
19120 0.180877
19140 0.166173
19160 0.235218
19180 0.191326
19200 0.198462
19220 0.308875
19240 0.210104
19260 0.246429
19280 0.29332
19300 0.375415
19320 0.203876
19340 0.242453
19360 0.203439
19380 0.26854
19400 0.167531
19420 0.218785
19440 0.181138
19460 0.33057
19480 0.194527
19500 0.214848
19520 0.30136
19540 0.165051
19560 0.33712
19580 0.362052
19600 0.243787
19620 0.423207
19640 0.296262
19660 0.336696
19680 0.15997
19700 0.215041
19720 0.368834
19740 0.323091
19760 0.279965
19780 0.54257
19800 0.271624
19820 0.296233
19840 0.506604
19860 0.202891
19880 0.429151
19900 0.295119
19920 0.223327
19940 0.261362
19960 0.200493
19980 0.167032
20000 0.373166
20020 0.257063
20040 0.272379
20060 0.668277
20080 0.287113
20100 0.173147
20120 0.200302
20140 0.166786
20160 0.309497
20180 0.107987
20200 0.337103
20220 0.190329
20240 0.299993
20260 0.17758
20280 0.352421
20300 0.376794
20320 0.288431
20340 0.195657
20360 0.253245
20380 0.352565
20400 0.352154
20420 0.290588
20440 0.292399
20460 0.24946
20480 0.381288
20500 0.177167
20520 0.349586
20540 0.197131
20560 0.400315
20580 0.221093
20600 0.334244
20620 0.287367
20640 0.190021
20660 0.291944
20680 0.140789
20700 0.180524
20720 0.355658
20740 0.18565
20760 0.322598
20780 0.230583
20800 0.195379
20820 0.259742
20840 0.156493
20860 0.289909
20880 0.168608
20900 0.183759
20920 0.305256
20940 0.295747
20960 0.231251
20980 0.29944
21000 0.301999
21020 0.208849
21040 0.235112
21060 0.282614
21080 0.237521
21100 0.335672
21120 0.288445
21140 0.233018
21160 0.24517
21180 0.366927
21200 0.279339
21220 0.300176
21240 0.1154
21260 0.254668
21280 0.294601
21300 0.20852
21320 0.398805
21340 0.152815
21360 0.153874
21380 0.375041
21400 0.322292
21420 0.372219
21440 0.293985
21460 0.296556
21480 0.254173
21500 0.307548
21520 0.356674
21540 0.194904
21560 0.238665
21580 0.195131
21600 0.516244
21620 0.218579
21640 0.367892
21660 0.356948
21680 0.392854
21700 0.114301
21720 0.358652
21740 0.317726
21760 0.226712
21780 0.305786
21800 0.396336
21820 0.146615
21840 0.283933
21860 0.276017
21880 0.384112
21900 0.280243
21920 0.375752
21940 0.271953
21960 0.134542
21980 0.192641
22000 0.19447
22020 0.128252
22040 0.203216
22060 0.227072
22080 0.159693
22100 0.330009
22120 0.20336
22140 0.411996
22160 0.209528
22180 0.286254
22200 0.264997
22220 0.279227
22240 0.406984
22260 0.141821
22280 0.259773
22300 0.152412
22320 0.131953
22340 0.21604
22360 0.283283
22380 0.305095
22400 0.153222
22420 0.277581
22440 0.226206
22460 0.341454
22480 0.16784
22500 0.437772
22520 0.329259
22540 0.32028
22560 0.24198
22580 0.32145
22600 0.211665
22620 0.156758
22640 0.201936
22660 0.135178
22680 0.17032
22700 0.288909
22720 0.22098
22740 0.329534
22760 0.35254
22780 0.190716
22800 0.383898
22820 0.318815
22840 0.159331
22860 0.414709
22880 0.183368
22900 0.275268
22920 0.189581
22940 0.458177
22960 0.305429
22980 0.28159
23000 0.325164
23020 0.251448
23040 0.198539
23060 0.457888
23080 0.337813
23100 0.43012
23120 0.195839
23140 0.455129
23160 0.41261
23180 0.322775
23200 0.364479
23220 0.167853
23240 0.237602
23260 0.291339
23280 0.275455
23300 0.255374
23320 0.37956
23340 0.348267
23360 0.183443
23380 0.400648
23400 0.292833
23420 0.472649
23440 0.231697
23460 0.311483
23480 0.27072
23500 0.355156
23520 0.208533
23540 0.219859
23560 0.448938
23580 0.216317
23600 0.337347
23620 0.275705
23640 0.324383
23660 0.340293
23680 0.278808
23700 0.255627
23720 0.27607
23740 0.240177
23760 0.297291
23780 0.286734
23800 0.142134
23820 0.192776
23840 0.302566
23860 0.255185
23880 0.168612
23900 0.421747
23920 0.408664
23940 0.429577
23960 0.172959
23980 0.191156
24000 0.124366
24020 0.293653
24040 0.166313
24060 0.464383
24080 0.166349
24100 0.156316
24120 0.337755
24140 0.260751
24160 0.25955
24180 0.224997
24200 0.646452
24220 0.2171
24240 0.320365
24260 0.132093
24280 0.208516
24300 0.475007
24320 0.328502
24340 0.203885
24360 0.428906
24380 0.346743
24400 0.288004
24420 0.304844
24440 0.356589
24460 0.202469
24480 0.375723
24500 0.13634
24520 0.247206
24540 0.131675
24560 0.0934816
24580 0.211438
24600 0.273576
24620 0.573481
24640 0.145932
24660 0.190587
24680 0.23218
24700 0.209951
24720 0.175028
24740 0.268473
24760 0.308372
24780 0.160581
24800 0.158116
24820 0.448709
24840 0.0949585
24860 0.412519
24880 0.282855
24900 0.324011
24920 0.309789
24940 0.504886
24960 0.299791
24980 0.188462
25000 0.0881703
25020 0.247311
25040 0.37466
25060 0.167471
25080 0.0945486
25100 0.234191
25120 0.152363
25140 0.269874
25160 0.249767
25180 0.297091
25200 0.157592
25220 0.235186
25240 0.206805
25260 0.269396
25280 0.197724
25300 0.253595
25320 0.208348
25340 0.416688
25360 0.20077
25380 0.29159
25400 0.209337
25420 0.261757
25440 0.0923881
25460 0.18912
25480 0.2653
25500 0.464225
25520 0.195472
25540 0.449144
25560 0.241271
25580 0.395994
25600 0.485215
25620 0.361191
25640 0.518646
25660 0.418544
25680 0.280281
25700 0.284932
25720 0.317636
25740 0.322318
25760 0.416851
25780 0.228401
25800 0.34625
25820 0.455846
25840 0.240914
25860 0.274448
25880 0.215056
25900 0.474823
25920 0.173163
25940 0.291934
25960 0.348464
25980 0.176491
26000 0.370651
26020 0.366378
26040 0.354316
26060 0.300001
26080 0.210924
26100 0.263479
26120 0.167366
26140 0.176709
26160 0.332372
26180 0.434739
26200 0.309953
26220 0.525732
26240 0.211535
26260 0.124516
26280 0.378457
26300 0.321019
26320 0.256533
26340 0.265368
26360 0.298424
26380 0.292151
26400 0.198828
26420 0.311619
26440 0.242991
26460 0.231921
26480 0.255967
26500 0.416733
26520 0.19204
26540 0.308676
26560 0.278852
26580 0.22939
26600 0.407443
26620 0.336929
26640 0.278037
26660 0.289204
26680 0.148036
26700 0.386584
26720 0.196347
26740 0.221142
26760 0.386735
26780 0.280528
26800 0.265816
26820 0.378806
26840 0.247911
26860 0.253105
26880 0.493413
26900 0.287245
26920 0.187473
26940 0.252057
26960 0.152401
26980 0.255166
27000 0.0943541
27020 0.248207
27040 0.298147
27060 0.304709
27080 0.139843
27100 0.187899
27120 0.250189
27140 0.472223
27160 0.235981
27180 0.345996
27200 0.244568
27220 0.173853
27240 0.391985
27260 0.308708
27280 0.288188
27300 0.317031
27320 0.256509
27340 0.170713
27360 0.248229
27380 0.173221
27400 0.226072
27420 0.272973
27440 0.21821
27460 0.330642
27480 0.248451
27500 0.391668
27520 0.183206
27540 0.246181
27560 0.38726
27580 0.271242
27600 0.249485
27620 0.253518
27640 0.356354
27660 0.374594
27680 0.293011
27700 0.46346
27720 0.438646
27740 0.142563
27760 0.324597
27780 0.274833
27800 0.165461
27820 0.322049
27840 0.223104
27860 0.199562
27880 0.2947
27900 0.297603
27920 0.368711
27940 0.171847
27960 0.378423
27980 0.294457
28000 0.268977
28020 0.238963
28040 0.262337
28060 0.109698
28080 0.217826
28100 0.139799
28120 0.105014
28140 0.580309
28160 0.364794
28180 0.286029
28200 0.241725
28220 0.138252
28240 0.290475
28260 0.305941
28280 0.246648
28300 0.240043
28320 0.32222
28340 0.267623
28360 0.249334
28380 0.270874
28400 0.207142
28420 0.347979
28440 0.447078
28460 0.190763
28480 0.306204
28500 0.196342
28520 0.253926
28540 0.264608
28560 0.204557
28580 0.237977
28600 0.411941
28620 0.254453
28640 0.161218
28660 0.30709
28680 0.362538
28700 0.30253
28720 0.168817
28740 0.122621
28760 0.356783
28780 0.375622
28800 0.237974
28820 0.341303
28840 0.322283
28860 0.331197
28880 0.2487
28900 0.138197
28920 0.179091
28940 0.186129
28960 0.215337
28980 0.277548
29000 0.320007
29020 0.430765
29040 0.238318
29060 0.315131
29080 0.322222
29100 0.422934
29120 0.258321
29140 0.282294
29160 0.176108
29180 0.280811
29200 0.227521
29220 0.326525
29240 0.306207
29260 0.397124
29280 0.421703
29300 0.399202
29320 0.239279
29340 0.266524
29360 0.37829
29380 0.250621
29400 0.301572
29420 0.30598
29440 0.226365
29460 0.229057
29480 0.223768
29500 0.184473
29520 0.238477
29540 0.435904
29560 0.292151
29580 0.266791
29600 0.324358
29620 0.498747
29640 0.507849
29660 0.373065
29680 0.237723
29700 0.395911
29720 0.392709
29740 0.429412
29760 0.252374
29780 0.290156
29800 0.201039
29820 0.120434
29840 0.313752
29860 0.372538
29880 0.188206
29900 0.311279
29920 0.286191
29940 0.205762
29960 0.284041
29980 0.220788
