1.58132
0.478053
0.209157
0.298269
0.392602
0.390264
0.529332
0.179921
0.220586
0.272337
0.509409
0.201628
0.460439
0.351709
0.147501
0.205578
0.420644
0.183676
0.594056
0.19908
0.237235
0.311521
0.234799
0.242872
0.276213
0.108689
0.118117
0.349814
0.230967
0.321094
0.126934
0.228521
0.247893
0.249096
0.106178
0.113856
0.409495
0.206469
0.413683
0.0821071
0.151478
0.0982986
0.229995
0.378329
0.296362
0.171134
0.233048
0.465159
0.161199
0.129903
0.153678
0.130697
0.196858
0.245652
0.11267
0.212497
0.187845
0.158354
0.117018
0.172339
0.259299
0.129068
0.12041
0.267808
0.164031
0.486946
0.321661
0.290169
0.171965
0.37682
0.340431
0.170916
0.196457
0.178731
0.262672
0.120598
0.18292
0.331269
0.123524
0.0920021
0.137472
0.170617
0.267643
0.0876021
0.189664
0.0989428
0.142044
0.118179
0.121205
0.0611145
0.121823
0.157828
0.197091
0.149083
0.179618
0.101232
0.206172
0.358491
0.101833
0.135669
0.150166
0.228719
0.0867542
0.210194
0.112181
0.15081
0.239987
0.102443
0.170785
0.214485
0.242863
0.188793
0.168557
0.272854
0.236316
0.119991
0.159983
0.0685577
0.180996
0.133614
0.313438
0.203694
0.121795
0.0776321
0.169899
0.197469
0.151825
0.267904
0.269464
0.0763064
0.0783854
0.316951
0.260372
0.22198
0.102517
0.188077
0.299305
0.178115
0.0468116
0.14611
0.150052
0.236603
0.0945722
0.11167
0.116843
0.403435
0.129675
0.214906
0.0763118
0.358987
0.115032
0.201052
0.0975901
0.148493
0.124846
0.266673
0.123588
0.224986
0.137156
0.234885
0.100966
0.192206
0.215605
0.112518
0.0998764
0.172438
0.112265
0.199497
0.244916
0.239977
0.193526
0.227756
0.225192
0.141527
0.183244
0.331259
0.221412
0.204251
0.143303
0.247629
0.145893
0.234677
0.129674
0.096107
0.0635034
0.190561
0.135086
0.176754
0.0539539
0.122541
0.0964519
0.172778
0.07736
0.195108
0.132745
0.204674
0.129961
0.0725057
0.0785479
0.35622
0.116742
0.165977
0.13107
0.113282
0.0966656
0.0798436
0.225816
0.101839
0.0840494
0.141583
0.191076
0.122945
0.0703636
0.109472
0.164818
0.120597
0.108155
0.102031
0.13146
0.183486
0.074327
0.0896981
0.0873461
0.17351
0.157403
0.15546
0.0856942
0.109611
0.133447
0.144567
0.106265
0.0926869
0.11212
0.100372
0.102184
0.136811
0.154705
0.326392
0.192637
0.0822907
0.104646
0.118482
0.0714411
0.408452
0.174921
0.173071
0.162898
0.0495454
0.201673
0.172246
0.16455
0.174961
0.0959701
0.173334
0.157809
0.160745
0.168159
0.160587
0.157902
0.0970192
0.174475
0.119399
0.102773
0.164051
0.0609007
0.0394407
0.0805217
0.159658
0.140188
0.157188
0.106239
0.24357
0.132707
0.1423
0.243193
0.0935884
0.18353
0.122123
0.1293
0.21592
0.228092
0.0674035
0.16469
0.0648482
0.116261
0.156151
0.100055
0.0483228
0.0470957
0.234679
0.0737791
0.132339
0.232074
0.175372
0.143428
0.122869
0.136324
0.130045
0.132318
0.19366
0.107374
0.205381
0.159642
0.103076
0.176212
0.136494
0.136125
0.0843247
0.157498
0.230104
0.220984
0.163166
0.278606
0.0661473
0.161679
0.0809808
0.111139
0.0688366
0.190601
0.104302
0.13353
0.0834873
0.133622
0.222152
0.302831
0.0634335
0.0710771
0.135172
0.185567
0.177864
0.107901
0.109716
0.0706291
0.0974299
0.185138
0.145905
0.163492
0.181233
0.108263
0.0983396
0.107782
0.0861577
0.251722
0.0853439
0.115058
0.096253
0.0867217
0.184363
0.0988702
0.136226
0.114417
0.0940892
0.0682047
0.0824956
0.148156
0.108822
0.19377
0.2139
0.121896
0.156996
0.0871948
0.128503
0.136503
0.0771769
0.0809226
0.103736
0.0871717
0.152025
0.0439534
0.19474
0.173524
0.136165
0.19518
0.0402453
0.116366
0.179183
0.221877
0.202334
0.190812
0.161093
0.0935982
0.160163
0.275138
0.106265
0.144119
0.143858
0.0717997
0.107851
0.114527
0.111354
0.173854
0.166292
0.119584
0.110846
0.20275
0.0870187
0.178547
0.143216
0.102235
0.268362
0.0964014
0.0676643
0.0715482
0.0518572
0.0943906
0.131458
0.100574
0.0639924
0.0740441
0.109229
0.117578
0.129485
0.137248
0.0460958
0.108274
0.174728
0.108311
0.126126
0.240816
0.212444
0.101408
0.163141
0.181325
0.162276
0.140372
0.229846
0.0502233
0.12186
0.0678218
0.141753
0.0998796
0.0899206
0.143839
0.0871737
0.17929
0.0659493
0.287597
0.0903861
0.190733
0.0825792
0.0934215
0.12471
0.116357
0.255908
0.275375
0.0934736
0.0890915
0.142236
0.113931
0.0928564
0.115737
0.0516198
0.103441
0.116909
0.0870452
0.0765276
0.0738683
0.0834813
0.0627578
0.0953908
0.174869
0.148767
0.133054
0.204774
0.128351
0.101744
0.111932
0.0257324
0.100571
0.0394356
0.111422
0.056919
0.158952
0.158076
0.116028
0.182587
0.171232
0.174838
0.0807702
0.130294
0.135453
0.0707965
0.103127
0.167216
0.0861911
0.163004
0.188891
0.132116
0.0592776
0.217366
0.0723514
0.0906767
0.0942003
0.16436
0.137896
0.109474
0.0450547
0.0340219
0.0755895
0.119946
0.118256
0.107346
0.0973163
0.0968236
0.0576667
0.113637
0.0641182
0.0662818
0.141759
0.152947
0.100554
0.172451
0.152803
0.238943
0.163486
0.190781
0.177749
0.0870893
0.121053
0.151044
0.241348
0.120242
0.074581
0.102178
0.104545
0.127046
0.0934062
0.154117
0.0442024
0.152803
0.129206
0.117176
0.127675
0.0708186
0.143688
0.158164
0.130375
0.0868823
0.10048
0.113506
0.111413
0.360698
0.107795
0.178657
0.164871
0.114829
0.125288
0.169999
0.0611505
0.189991
0.0984863
0.0924155
0.102806
0.308206
0.112369
0.098032
0.0780311
0.0959772
0.162845
0.14844
0.116086
0.169597
0.160159
0.055517
0.162644
0.133535
0.0722227
0.0371339
0.142558
0.0848899
0.345003
0.138993
0.214506
0.201879
0.0876268
0.090283
0.0943878
0.0627735
0.0668504
0.0660459
0.469172
0.116055
0.138831
0.185673
0.090274
0.158431
0.209818
0.173268
0.109783
0.142555
0.0630237
0.0619303
0.290133
0.172436
0.0814179
0.158738
0.18778
0.142286
0.13935
0.179522
0.145192
0.0917952
0.0677294
0.0913103
0.0793375
0.144755
0.0704374
0.0908933
0.159471
0.132914
0.0789171
0.166573
0.229276
0.0967449
0.0691627
0.0801095
0.124744
0.0530464
0.119695
0.0515423
0.0451987
0.0715278
0.077348
0.0934026
0.0604115
0.13564
0.16089
0.106924
0.136856
0.127704
0.0800586
0.0983349
0.155249
0.0892892
0.174857
0.146462
0.174758
0.1072
0.104982
0.0817952
0.0483788
0.0612377
0.174364
0.189872
0.145722
0.066257
0.0545538
0.198863
0.0982222
0.0518128
0.0435674
0.124064
0.189703
0.111264
0.196036
0.181005
0.0776507
0.217837
0.244043
0.0673094
0.117808
0.123259
0.0889472
0.127644
0.142212
0.113898
0.168638
0.150049
0.0900611
0.0436179
0.226687
0.150376
0.0711006
0.0828517
0.13054
0.205539
0.192891
0.0879875
0.0300136
0.113809
0.109626
0.105877
0.136965
0.0346046
0.0832552
0.147717
0.15049
0.078928
0.0644975
0.125116
0.0619154
0.135036
0.176281
0.0307451
0.0648427
0.184041
0.234796
0.246499
0.110533
0.0677615
0.103794
0.0460329
0.0682614
0.0898902
0.0703133
0.059913
0.0449088
0.121837
0.0842829
0.141517
0.130321
0.147973
0.0852684
0.348131
0.114111
0.0707718
0.236991
0.125321
0.116743
0.125752
0.149432
0.221737
0.0920859
0.0510475
0.311154
0.108435
0.0885296
0.0884907
0.103446
0.0731244
0.318209
0.143875
0.12222
0.0876833
0.101865
0.102484
0.192466
0.17469
0.119267
0.128624
0.115914
0.111588
0.11587
0.15162
0.0770843
0.233274
0.0970416
0.0308899
0.0860653
0.157726
0.144479
0.187622
0.115719
0.109047
0.183035
0.0733411
0.163163
0.0549192
0.149992
0.133144
0.0545857
0.151315
0.0371877
0.100838
0.0378509
0.202291
0.217687
0.146094
0.0844899
0.10949
0.144834
0.15465
0.111241
0.17149
0.115064
0.115958
0.188683
0.149644
0.28832
0.0697375
0.0737168
0.0642093
0.117052
0.0502317
0.230438
0.0391477
0.0730974
0.147743
0.479682
0.133935
0.0758966
0.0926888
0.118034
0.163327
0.117575
0.120026
0.0791003
0.145314
0.1704
0.199446
0.100802
0.144921
0.084642
0.100356
0.13285
0.108871
0.172929
0.123867
0.11825
0.132196
0.0543078
0.0627753
0.145832
0.126868
0.0887912
0.210632
0.175782
0.138913
0.236928
0.0326532
0.0751297
0.115258
0.12361
0.110948
0.0885547
0.118084
0.265132
0.156346
0.193779
0.165189
0.0949909
0.144095
0.204686
0.0853453
0.128616
0.10333
0.151663
0.101656
0.092977
0.159247
0.145226
0.0942923
0.123805
0.0935218
0.0599704
0.114564
0.0833561
0.0676972
0.0841243
0.0929805
0.0605765
0.173205
0.23341
0.107253
0.193457
0.0859416
0.159512
0.192593
0.0287992
0.125793
0.0905931
0.134498
0.0540079
0.0615057
0.0525447
0.046039
0.150377
0.0835202
0.0961003
0.117436
0.129153
0.0689826
0.136608
0.144102
0.0792866
0.0973094
0.0831818
0.122108
0.0925674
0.0634466
0.104768
0.137036
0.078467
0.0759304
0.110765
0.0771659
0.0647404
0.135723
0.0936767
0.0983689
0.0414957
0.157946
0.134281
0.047269
0.159917
0.0722854
0.101959
0.117371
0.102812
0.128146
0.103339
0.113427
0.0424155
0.0461981
0.10286
0.204966
0.169217
0.0777762
0.1245
0.113743
0.189477
0.0809426
0.0751529
0.103421
0.136346
0.0856681
0.197293
0.11515
0.203527
0.0739081
0.0531806
0.121937
0.0476923
0.0632706
0.147667
0.0644879
0.124784
0.0489287
0.109026
0.0447457
0.0879826
0.0902022
0.125118
0.176042
0.103771
0.144967
0.0421804
0.13048
0.0809867
0.135395
0.0563352
0.205285
0.0206768
0.0706938
0.0983189
0.0962996
0.137044
0.126819
0.0940612
0.13533
0.135255
0.070252
0.0933056
0.0768362
0.23283
0.0952395
0.0717077
0.0777141
0.121265
0.0416878
0.0928696
0.137353
0.0941621
0.0720722
0.128508
0.142264
0.0781062
0.0680168
0.076662
0.121646
0.0240258
0.0697273
0.0684496
0.0885803
0.102888
0.0798533
0.154784
0.0586143
0.202123
0.136305
0.0741006
0.149298
0.0696251
0.0817596
0.0725958
0.118347
0.144752
0.168233
0.0924927
0.22901
0.0629064
0.0807277
0.247025
0.074037
0.181905
0.101845
0.102191
0.157015
0.0796169
0.0390282
0.182577
0.151584
0.176174
0.254317
0.0794422
0.0610197
0.0678736
0.0948378
0.117117
0.0643413
0.0976114
0.102124
0.0615248
0.0798682
0.129003
0.0862966
0.125221
0.0504753
0.148249
0.118993
0.163445
0.13113
0.120995
0.0905864
0.157806
0.0450097
0.187234
0.0785988
0.113318
0.101023
0.162665
0.131007
0.086452
0.139734
0.0825186
0.0576805
0.0921913
0.0364463
0.1343
0.0877381
0.0593048
0.0769134
0.0861198
0.115511
0.0410986
0.062752
0.161504
0.16353
0.110295
0.100758
0.204006
0.177489
0.151557
0.134643
0.0729318
0.19664
0.088516
0.132402
0.123442
0.208411
0.0855775
0.122206
0.0572524
0.0972982
0.170972
0.0374478
0.173792
0.0875102
0.0438801
0.115627
0.194133
0.183302
0.122064
0.0742709
0.0573755
0.101467
0.19475
0.0836867
0.0652531
0.0534483
0.337553
0.0914239
0.129754
0.136413
0.112717
0.0856864
0.0705353
0.0711314
0.0955014
0.0576872
0.166809
0.0565761
0.0788215
0.0704133
0.144852
0.133131
0.206906
0.110902
0.023768
0.0618502
0.052727
0.0304917
0.0581139
0.0835047
0.0653605
0.0721301
0.11829
0.172551
0.130147
0.0847633
0.0870549
0.093793
0.163544
0.0510946
0.0704699
0.0603371
0.0596696
0.145209
0.0713087
0.1297
0.0624391
0.0774462
0.105815
0.15954
0.0620676
0.193264
0.101887
0.20268
0.12205
0.138884
0.0838829
0.108535
0.093213
0.0677863
0.125925
0.104989
0.0521597
0.0985981
0.20169
0.0771267
0.120335
0.084696
0.0619652
0.176887
0.0581113
0.074335
0.0432204
0.17553
0.0635096
0.0498608
0.14906
0.0854082
0.0667881
0.0992142
0.0991929
0.149795
0.0528247
0.209763
0.14725
0.118508
0.14584
0.0732346
0.06202
0.114656
0.0835483
0.103652
0.165661
0.143849
0.0520588
0.13537
0.093376
0.135914
0.0597145
0.12078
0.0737717
0.255352
0.142684
0.128818
0.199562
0.106248
0.100607
0.0978048
0.199056
0.187568
0.0727263
0.0495348
0.103762
0.0739955
0.140162
0.129876
0.1227
0.0499424
0.120318
0.0853982
0.0528686
0.219312
0.208616
0.1859
0.0278451
0.051642
0.0473078
0.115505
0.0635624
0.156238
0.0720145
0.0743547
0.104646
0.051257
0.0629121
0.0759316
0.375681
0.101388
0.114742
0.0790692
0.0492939
0.207523
0.100561
0.0997173
0.116868
0.140001
0.132701
0.111252
0.104093
0.048818
0.145871
0.0719635
0.0931562
0.0270028
0.0496892
0.145832
0.124289
0.227402
0.0533995
0.0898272
0.0777647
0.0969805
0.0643676
0.133688
0.129458
0.107399
0.0665166
0.213261
0.0337703
0.239664
0.0508473
0.118359
0.0948097
0.129419
0.100922
0.0502417
0.0455222
0.168848
0.149213
0.081177
0.0411274
0.116089
0.0680774
0.142791
0.106168
0.097962
0.0348427
0.104034
0.0475554
0.123227
0.0473148
0.0938543
0.0595621
0.264916
0.0452038
0.0625694
0.10627
0.106805
0.0520393
0.0804408
0.11075
0.195888
0.0611287
0.138782
0.121566
0.156427
0.264639
0.0915755
0.100726
0.215468
0.0993373
0.0830597
0.131948
0.106156
0.0955706
0.0854116
0.170297
0.108048
0.0515486
0.066789
0.0937003
0.141081
0.0513311
0.0615973
0.174528
0.0678852
0.234695
0.11606
0.187681
0.152214
0.113288
0.0963777
0.0945023
0.11014
0.0903655
0.177979
0.15254
0.164404
0.137565
0.0799154
0.188597
0.0858381
0.0725355
0.138318
0.118319
0.0763808
0.102355
0.119182
0.109417
0.0924628
0.0802032
0.217
0.0805204
0.113674
0.0961438
0.105362
0.169812
0.2329
0.1219
0.0950119
0.0547965
0.184242
0.12134
0.081812
0.0976348
0.0956967
0.128595
0.0955238
0.0761583
0.0708074
0.290673
0.0951533
0.031456
0.0997631
0.0405112
0.0641125
0.0543149
0.120874
0.0459741
0.0711733
0.0869717
0.0881797
0.154076
0.20961
0.108811
0.189374
0.0786566
0.0627373
0.0802288
0.147893
0.0829394
0.125151
0.0518197
0.0684006
0.0673877
0.0631105
0.168662
0.154041
0.086219
0.136222
0.0824984
0.179621
0.0414708
0.088627
0.146318
0.0484406
0.0674837
0.108942
0.160141
0.100324
0.0958199
0.120381
0.145464
0.0409567
0.139409
0.0977877
0.096897
0.136815
0.0361116
0.0705162
0.110629
0.118229
0.0978885
0.0757268
0.147497
0.0493838
0.0599771
0.103278
0.0843914
0.0152907
0.0426257
0.105686
0.0301225
0.38015
0.0706979
0.0915652
0.10374
0.101417
0.117018
0.124643
0.0501465
0.090298
0.149802
0.0829593
0.102196
0.11681
0.0816148
0.216839
0.184131
0.0400395
0.120095
0.0597212
0.06564
0.100115
0.094736
0.123178
0.0477667
0.122563
0.080414
0.154614
0.15806
0.0870039
0.0751765
0.066894
0.109546
0.148954
0.0633108
0.147783
0.162864
0.134611
0.108184
0.0548246
0.0522758
0.0518969
0.0957905
0.0982762
0.101762
0.116054
0.132527
0.219225
0.0972541
0.186566
0.0909155
0.133846
0.0817342
0.0785826
0.0852418
0.090837
0.134184
0.169244
0.215503
0.145854
0.149454
0.0719824
0.102313
0.0873889
0.0894825
0.0551492
0.124118
0.0797117
0.0694181
0.0889679
0.092108
0.17072
0.0953736
0.0453122
0.129141
0.216186
0.206695
0.143048
0.0856565
0.19837
0.0743152
0.249959
0.139886
0.045826
0.132062
0.0397566
0.0750127
0.0871241
0.0518334
0.168151
0.0891937
0.0601359
0.114637
0.0981807
