0.308451
0.392826
0.445323
0.205135
0.348138
0.253795
0.399905
0.411368
0.17769
0.401135
0.145349
0.320889
0.538308
0.425593
0.368045
0.224787
0.420252
0.30488
0.221814
0.125831
0.374207
0.296009
0.288182
0.239196
0.190695
0.244957
0.222697
0.249054
0.331813
0.290165
0.228774
0.303714
0.390775
0.458379
0.237726
0.170339
0.242259
0.212034
0.350107
0.128208
0.365635
0.156596
0.179842
0.223373
0.31649
0.21567
0.265744
0.216999
0.166637
0.30047
0.238874
0.243636
0.137839
0.265968
0.145362
0.337732
0.416477
0.216384
0.169372
0.237242
0.0602188
0.288358
0.0826801
0.3149
0.229633
0.400396
0.233976
0.144965
0.315569
0.218506
0.23716
0.0784504
0.196881
0.0930193
0.362572
0.138476
0.299535
0.297003
0.260127
0.131404
0.192992
0.255143
0.270918
0.121122
0.289186
0.147652
0.359747
0.201161
0.357781
0.35774
0.252963
0.300223
0.341701
0.248849
0.418327
0.306326
0.276269
0.179048
0.251126
0.260938
0.289214
0.10015
0.207922
0.207548
0.20394
0.24399
0.283182
0.20076
0.247889
0.244005
0.213083
0.234991
0.219391
0.15104
0.280203
0.24249
0.193209
0.216047
0.232678
0.200974
0.0712024
0.209251
0.126543
0.0945975
0.150363
0.272271
0.134804
0.276511
0.156158
0.390262
0.249532
0.416793
0.287369
0.114625
0.174909
0.179653
0.292215
0.205649
0.00201587
0.154391
0.182694
0.120927
0.227233
0.235015
0.239342
0.191274
0.158509
0.424689
0.00223785
0.234193
0.229644
0.248403
0.335388
0.268937
0.100714
0.120664
0.123477
0.264224
0.119455
0.281451
0.161384
0.153489
0.134541
0.201653
0.175278
0.225057
0.222256
0.282501
0.408914
0.31282
0.230126
0.268302
0.131982
0.210405
0.142298
0.18736
0.23981
0.15567
0.133808
0.298284
0.383189
0.340277
0.227015
0.178048
0.233073
0.255461
0.135492
0.1597
0.204569
0.0896787
0.127906
0.13897
0.155946
0.27342
0.237235
0.137554
0.204248
0.0976256
0.169833
0.163224
0.279082
0.274423
0.275832
0.0899092
0.245941
0.169908
0.195681
0.129473
0.12383
0.0750316
0.134669
0.161921
0.28832
0.273992
0.326495
0.230818
0.224689
0.116418
0.238692
0.19124
0.122707
0.221309
0.215657
0.141059
0.137599
0.32413
0.166318
0.24075
0.204734
0.209903
0.0810641
0.165953
0.204703
0.171919
0.207662
0.242991
0.283334
0.168685
0.217475
0.166938
0.317062
0.3146
0.211211
0.1809
0.153234
0.187964
0.171006
0.209712
0.145182
0.179213
0.112938
0.225458
0.187297
0.339649
0.210107
0.101889
0.229244
0.327977
0.166093
0.181715
0.193691
0.200176
0.0857124
0.302529
0.0821234
0.215581
0.138621
0.119942
0.165875
0.270157
0.144547
0.181646
0.2288
0.095128
0.347179
0.338006
0.240853
0.167531
0.0276764
0.221361
0.150241
0.103024
0.176849
0.135063
0.112287
0.164704
0.151543
0.0925923
0.213929
0.355772
0.0882689
0.210699
0.255224
0.213826
0.262404
0.1719
0.202428
0.215164
0.143538
0.267879
0.176991
0.234471
0.246569
0.178736
0.27446
0.284079
0.230637
0.0975884
0.190918
0.130712
0.317853
0.281445
0.352
0.216763
0.134094
0.252373
0.160582
0.301314
0.12535
0.17188
0.149926
0.123111
0.0955768
0.204552
0.157361
0.107798
0.15082
0.254269
0.206165
0.148985
0.205225
0.326593
0.259374
0.167639
0.334309
0.311796
0.291137
0.172015
0.23089
0.110316
0.0772731
0.204774
0.283091
0.0572179
0.138223
0.123383
0.149677
0.293136
0.240736
0.236559
0.196928
0.0191843
0.295953
0.0539599
0.230513
0.111599
0.383552
0.211966
0.127301
0.198342
0.199832
0.131578
0.356786
0.0766154
0.164797
0.143325
0.18518
0.251755
0.103769
0.143765
0.0662647
0.21995
0.23818
0.164085
0.15553
0.253307
0.180042
0.172763
0.136098
0.162957
0.158344
0.172466
0.191087
0.225149
0.237025
0.240471
0.211374
0.261324
0.213016
0.0909007
0.25216
0.304275
0.251999
0.130537
0.406208
0.230709
0.339771
0.238253
0.155784
0.283888
0.183813
0.149307
0.073845
0.131362
0.25291
0.169697
0.199782
0.166585
0.29477
0.28832
0.189207
0.256012
0.172606
0.0864966
0.281174
0.0530775
0.286497
0.0880615
0.222587
0.181754
0.16425
0.178679
0.286889
0.279736
0.350685
0.179921
0.0574465
0.193526
0.245164
0.136564
0.20294
0.193093
0.189146
0.111771
0.0498486
0.151164
0.182088
0.148134
0.273263
0.16001
0.190358
0.178968
0.175489
0.144613
0.27349
0.137907
0.124228
0.229958
0.0949619
0.252486
0.143882
0.107147
0.272181
0.155823
0.162484
0.205982
0.120637
0.103634
0.124201
0.279051
0.171436
0.0837796
0.175191
0.150602
0.27365
0.215312
0.141334
0.142003
0.108508
0.162076
0.155681
0.0695119
0.297613
0.291087
0.142651
0.275457
0.166812
0.215843
0.124114
0.165092
0.158697
0.163826
0.142024
0.237616
0.0773525
0.21995
0.11272
0.190988
0.239841
0.0137441
0.184285
0.179454
0.223421
0.198887
0.293128
0.142209
0.090351
0.169985
0.257344
0.113729
0.110504
0.176124
0.168205
0.273663
0.0892766
0.134848
0.0698382
0.305075
0.091497
0.0579402
0.210821
0.179869
0.241966
0.346301
0.074648
0.157992
0.173152
0.226549
0.219998
0.1925
0.178129
0.206737
0.217117
0.160204
0.129355
0.315196
0.0627251
0.302035
0.167906
0.309116
0.183956
0.152943
0.183075
0.0738666
0.174617
0.125539
0.260711
0.264821
0.240762
0.161156
0.181223
0.198084
0.181022
0.309976
0.189357
0.305289
0.132101
0.168119
0.0914921
0.281654
0.19939
0.142956
0.102927
0.349391
0.169443
0.170518
0.160267
0.167659
0.209518
0.287469
0.101853
0.212782
0.256658
0.217762
0.142774
0.168537
0.394375
0.167177
0.286305
0.247074
0.258366
0.207718
0.250154
0.178036
0.0982794
0.138213
0.126949
0.195046
0.177364
0.067062
0.320431
0.185226
0.136659
0.130687
0.194081
0.242817
0.22868
0.187871
0.168173
0.209724
0.23081
0.167041
0.224974
0.261741
0.17087
0.219211
0.223247
0.194125
0.00220747
0.182372
0.146841
0.242395
0.274871
0.235071
0.0838103
0.230728
0.124758
0.113953
0.126139
0.158318
0.203168
0.128033
0.243843
0.230739
0.0781693
0.115709
0.214478
0.15306
0.215352
0.267527
0.0602756
0.0851548
0.172169
0.104229
0.172586
0.176979
0.262329
0.134099
0.212129
0.13755
0.173707
0.124586
0.222986
0.128439
0.0693428
0.149322
0.291591
0.200392
0.188841
0.220389
0.171196
0.216517
0.191548
0.343231
0.213395
0.124221
0.126307
0.311979
0.128444
0.127353
0.137421
0.237677
0.193755
0.207761
0.321356
0.229371
0.164847
0.133058
0.285535
0.164312
0.105148
0.111936
0.100498
0.117989
0.267977
0.237177
0.151403
0.257714
0.121877
0.206479
0.198495
0.13309
0.149116
0.239891
0.214879
0.296716
0.209403
0.0687706
0.0441618
0.300644
0.167247
0.223754
0.259531
0.0930615
0.334237
0.175547
0.291391
0.00383032
0.241569
0.10382
0.155018
0.167527
0.128013
0.101596
0.109865
0.266175
0.159143
0.186271
0.0795285
0.143297
0.251312
0.128811
0.206513
0.0925015
0.17106
0.167829
0.171703
0.161845
0.225107
0.397705
0.121956
0.194335
0.269614
0.339217
0.152393
0.153896
0.224544
0.249791
0.181642
0.234395
0.0620068
0.177671
0.184202
0.131858
0.198634
0.198505
0.146335
0.140258
0.172167
0.152436
0.187073
0.212097
0.0922062
0.160672
0.121868
0.077044
0.192365
0.177819
0.128529
0.14876
0.111345
0.187034
0.20237
0.22189
0.218033
0.253987
0.362813
0.179785
0.146715
0.0994663
0.151532
0.234186
0.166284
0.22557
0.251675
0.141076
0.25448
0.172436
0.26677
0.188621
0.219327
0.112653
0.188052
0.187479
0.173844
0.186802
0.173206
0.186077
0.17196
0.140491
0.0692999
0.194821
0.158709
0.232072
0.272974
0.12726
0.130167
0.262295
0.15237
0.168959
0.223233
0.110705
0.243374
0.116681
0.213944
0.208355
0.207763
0.225802
0.190232
0.205346
0.182685
0.146883
0.217189
0.157698
0.224664
0.187468
0.0738328
0.252694
0.158484
0.224099
0.19791
0.24639
0.248728
0.127616
0.257784
0.242937
0.0508465
0.177481
0.166471
0.0267444
0.141269
0.18055
0.184364
0.216358
0.187125
0.149691
0.230361
0.132747
0.20423
0.211317
0.108082
0.108149
0.142005
0.102951
0.0361273
0.130007
0.259085
0.34169
0.289623
0.220529
0.201237
0.111195
0.106459
0.0937067
0.117685
0.215897
0.125243
0.173756
0.0965996
0.130515
0.180344
0.234857
0.180214
0.128315
0.168987
0.353617
0.179109
0.181893
0.109062
0.131896
0.215244
0.095508
0.0936229
0.0727874
0.249434
0.12068
0.234236
0.133229
0.189491
0.186823
0.258817
0.191748
0.123364
0.123245
0.152065
0.2165
0.062084
0.247391
0.182064
0.109479
0.137485
0.137823
0.251541
0.344703
0.106053
0.122241
0.21356
0.121469
0.219022
0.15421
0.108329
0.203892
0.212263
0.12538
0.136501
0.101053
0.103622
0.185569
0.185283
0.220954
0.235629
0.181093
0.165257
0.229515
0.158742
0.123727
0.129322
0.0900781
0.124825
0.0625496
0.116955
0.15541
0.28511
0.116474
0.192445
0.272053
0.29718
0.124357
0.138899
0.0957606
0.287619
0.171481
0.168279
0.236668
0.189924
0.272742
0.166878
0.126214
0.240107
0.135343
0.102463
0.22068
0.0781369
0.122361
0.238739
0.141687
0.132885
0.220171
0.133039
0.112701
0.13662
0.143336
0.160958
0.0973965
0.154207
0.14738
0.195134
0.246511
0.0779484
0.0254394
0.188474
0.0624362
0.241509
0.170188
0.215369
0.197072
0.125161
0.0655377
0.13251
0.139188
0.160393
0.0470175
0.265653
0.0845692
0.201449
0.124455
0.109169
0.0884593
0.113952
0.149638
0.105592
0.171522
0.115942
0.174356
0.164812
0.233151
0.12577
0.174436
0.126777
0.146894
0.143505
0.149058
0.112688
0.24199
0.0916391
0.134995
0.146576
0.106436
0.134997
0.225747
0.169687
0.273908
0.226637
0.254937
0.087374
0.0966948
0.224081
0.154858
0.187472
0.31356
0.208717
0.215505
0.259579
0.128854
0.247246
0.193274
0.121136
0.104346
0.120876
0.128004
0.190589
0.105479
0.0962054
0.41396
0.207671
0.112128
0.132428
0.0719487
0.19238
0.0436454
0.239492
0.0882059
0.238468
0.0977115
0.223419
0.290498
0.163211
0.145182
0.104996
0.233572
0.188709
0.159459
0.171404
0.158874
0.223482
0.132157
0.162352
0.118533
0.286998
0.12007
0.171579
0.15636
0.103569
0.15221
0.05827
0.122844
0.263466
0.149203
0.188297
0.142845
0.136074
0.182828
0.0703735
0.174398
0.12751
0.121007
0.143752
0.132218
0.120956
0.198682
0.0979927
0.0313593
0.0835543
0.147972
0.164589
0.139032
0.199929
0.100616
0.121728
0.158517
0.193761
0.17797
0.0581475
0.15737
0.12363
0.171072
0.225013
0.0653044
0.109994
0.259414
0.128159
0.188918
0.17192
0.222286
0.196797
0.206081
0.161924
0.111217
0.173412
0.141683
0.178692
0.127155
0.238137
0.220536
0.280137
0.0286145
0.288116
0.246595
0.131211
0.248099
0.229527
0.0900387
0.205112
0.205604
0.23926
0.147112
0.168846
0.161051
0.110774
0.13079
0.141743
0.0977606
0.145102
0.143567
0.094332
0.257879
0.0850698
0.239445
0.079381
0.20149
0.177943
0.185434
0.24344
0.0907264
0.189303
0.0920746
0.0722839
0.070831
0.211974
0.175395
0.0907833
0.200135
0.12039
0.181913
0.105773
0.244508
0.227372
0.1176
0.11993
0.182566
0.127782
0.0482226
0.108723
0.067392
0.044395
0.18392
0.16882
0.230936
0.15085
0.113589
0.263563
0.234119
0.0973662
0.237823
0.125256
0.200933
0.14636
0.282647
0.241919
0.231729
0.176104
0.16604
0.13175
0.358674
0.23862
0.280324
0.143014
0.245365
0.265359
0.204267
0.218639
0.0946188
0.175582
0.176684
0.191906
0.151722
0.213899
0.204418
0.131384
0.265278
0.199457
0.336735
0.171983
0.190703
0.196949
0.0998034
0.0658487
0.0910405
0.249376
0.110069
0.23674
0.1779
0.125326
0.152725
0.206081
0.206092
0.172308
0.166181
0.157129
0.156858
0.0194342
0.142833
0.182248
0.169786
0.115744
0.202435
0.200048
0.243677
0.145114
0.139514
0.0770587
0.178148
0.102751
0.308145
0.094334
0.0819615
0.233109
0.209493
0.196638
0.149065
0.270772
0.115712
0.205623
0.0530238
0.159222
0.267484
0.22794
0.104167
0.312039
0.206742
0.155303
0.193592
0.252497
0.153651
0.229852
0.0643761
0.15405
0.104672
0.0437924
0.0656064
0.149288
0.34608
0.0925325
0.10076
0.154416
0.112971
0.110661
0.134785
0.178914
0.0531819
0.0915998
0.235448
0.0611882
0.172855
0.232008
0.205652
0.214979
0.375467
0.198869
0.13822
0.0426481
0.0784621
0.225447
0.0862938
0.0534212
0.118102
0.0842858
0.127082
0.143599
0.199129
0.122749
0.131152
0.15925
0.146169
0.15041
0.15974
0.148786
0.151772
0.155566
0.229021
0.103067
0.154951
0.0403487
0.108679
0.15455
0.268337
0.134344
0.310363
0.119705
0.239567
0.220575
0.269615
0.41792
0.203076
0.180943
0.201872
0.185688
0.216162
0.32128
0.14299
0.175953
0.347798
0.189365
0.207659
0.121356
0.333742
0.121832
0.230337
0.173936
0.108605
0.135956
0.250318
0.166635
0.147788
0.0976356
0.167101
0.0728642
0.0665689
0.242007
0.256759
0.157413
0.361328
0.0739699
0.0446011
0.18986
0.235181
0.183997
0.12705
0.180105
0.21577
0.0964734
0.192437
0.133574
0.139458
0.175764
0.199734
0.11152
0.195003
0.182708
0.124028
0.237631
0.104029
0.156136
0.194192
0.0932396
0.202342
0.0750074
0.13933
0.2891
0.184832
0.137221
0.283282
0.171753
0.182298
0.202739
0.192092
0.156017
0.152294
0.11189
0.191053
0.0400392
0.127333
0.252172
0.233535
0.0528713
0.0997189
0.0961136
0.262613
0.12717
0.156622
0.165911
0.111116
0.311756
0.160814
0.205248
0.191881
0.204689
0.102312
0.180841
0.11011
0.0574099
0.118932
0.131991
0.19442
0.165953
0.212047
0.141735
0.157554
0.240942
0.222801
0.182001
0.144576
0.196213
0.27427
0.197191
0.34308
0.293182
0.101606
0.185188
0.177046
0.0685637
0.185234
0.186993
0.129046
0.184071
0.179374
0.270822
0.0961201
0.230927
0.245073
0.209
0.135685
0.177946
0.0944074
0.175201
0.0341132
0.0748918
0.20016
0.294096
0.194464
0.137985
0.0368349
0.173457
0.181298
0.196501
0.149745
0.172418
0.184664
0.147138
0.154064
0.125527
0.13114
0.262947
0.150724
0.186109
0.136621
0.188286
0.164494
0.10982
0.114799
0.364174
0.13189
0.0808037
0.152476
0.204478
0.215527
0.0936404
0.0557267
0.247237
0.226669
0.174664
0.19352
0.159418
0.196586
0.140516
0.0833725
0.126816
0.134232
0.119546
0.179272
0.218245
0.314711
0.105791
0.095906
0.224968
0.236368
0.167406
0.148448
0.0943741
0.202228
0.142279
0.235688
0.172023
0.227881
0.2062
0.253349
0.0898249
0.194541
0.275977
0.163232
0.21209
0.250831
0.102246
0.149346
0.15435
0.0955047
0.146369
0.265184
0.196778
0.221479
0.195217
0.282561
0.301155
0.230018
0.152066
0.197541
0.318394
0.179453
0.112489
0.24433
0.0689775
0.0806771
0.238739
0.285414
0.136373
0.143127
0.196997
0.145627
0.169403
0.122607
