0 0.568265
20 0.522032
40 0.306955
60 0.350625
80 0.442961
100 0.223413
120 0.426899
140 0.189276
160 0.194978
180 0.358882
200 0.284846
220 0.267422
240 0.183536
260 0.338434
280 0.320317
300 0.256847
320 0.296556
340 0.275524
360 0.36728
380 0.453675
400 0.30094
420 0.340681
440 0.440899
460 0.268864
480 0.349654
500 0.160947
520 0.120032
540 0.315668
560 0.276348
580 0.387776
600 0.206817
620 0.296
640 0.246614
660 0.442714
680 0.248715
700 0.259652
720 0.286817
740 0.258101
760 0.407604
780 0.170706
800 0.35655
820 0.254406
840 0.174258
860 0.269279
880 0.400612
900 0.318424
920 0.419149
940 0.437473
960 0.228893
980 0.253185
1000 0.18336
1020 0.205583
1040 0.130832
1060 0.359611
1080 0.368987
1100 0.336878
1120 0.416049
1140 0.301668
1160 0.156866
1180 0.234474
1200 0.24936
1220 0.163299
1240 0.17298
1260 0.461424
1280 0.293508
1300 0.512783
1320 0.361868
1340 0.226817
1360 0.193676
1380 0.257555
1400 0.358461
1420 0.111597
1440 0.182214
1460 0.263427
1480 0.490482
1500 0.210134
1520 0.432074
1540 0.334731
1560 0.348184
1580 0.128509
1600 0.19814
1620 0.235071
1640 0.252451
1660 0.129477
1680 0.242203
1700 0.211897
1720 0.280711
1740 0.283403
1760 0.240392
1780 0.3051
1800 0.128125
1820 0.316643
1840 0.51694
1860 0.259799
1880 0.355414
1900 0.367014
1920 0.431801
1940 0.380099
1960 0.242685
1980 0.249994
2000 0.293562
2020 0.255753
2040 0.293693
2060 0.23594
2080 0.245946
2100 0.164842
2120 0.318479
2140 0.230541
2160 0.387133
2180 0.554773
2200 0.25761
2220 0.290339
2240 0.398329
2260 0.265907
2280 0.313136
2300 0.327271
2320 0.439788
2340 0.218498
2360 0.221266
2380 0.255984
2400 0.155283
2420 0.230618
2440 0.174516
2460 0.109025
2480 0.229975
2500 0.371092
2520 0.228317
2540 0.344154
2560 0.323236
2580 0.327641
2600 0.277488
2620 0.339361
2640 0.43367
2660 0.179182
2680 0.175866
2700 0.252091
2720 0.394575
2740 0.327466
2760 0.0934213
2780 0.117919
2800 0.257236
2820 0.354147
2840 0.168188
2860 0.15629
2880 0.207913
2900 0.368283
2920 0.295531
2940 0.605294
2960 0.06942
2980 0.352704
3000 0.231122
3020 0.286457
3040 0.3608
3060 0.34394
3080 0.157124
3100 0.283656
3120 0.240443
3140 0.249496
3160 0.229558
3180 0.232758
3200 0.218876
3220 0.156349
3240 0.167592
3260 0.240607
3280 0.196927
3300 0.22601
3320 0.323637
3340 0.277516
3360 0.395703
3380 0.308719
3400 0.249269
3420 0.413996
3440 0.112796
3460 0.229224
3480 0.280505
3500 0.270684
3520 0.275081
3540 0.209576
3560 0.283033
3580 0.377954
3600 0.434891
3620 0.335203
3640 0.200858
3660 0.265724
3680 0.338819
3700 0.356447
3720 0.0879663
3740 0.437473
3760 0.271892
3780 0.110498
3800 0.261664
3820 0.20626
3840 0.277625
3860 0.332978
3880 0.3123
3900 0.231193
3920 0.195076
3940 0.131479
3960 0.162317
3980 0.394611
4000 0.224931
4020 0.301583
4040 0.272215
4060 0.177153
4080 0.273298
4100 0.142175
4120 0.176613
4140 0.25499
4160 0.180296
4180 0.202216
4200 0.30567
4220 0.173951
4240 0.329632
4260 0.368463
4280 0.284442
4300 0.22126
4320 0.205742
4340 0.156548
4360 0.179933
4380 0.112871
4400 0.0964464
4420 0.172959
4440 0.273595
4460 0.265902
4480 0.255072
4500 0.564932
4520 0.14086
4540 0.192804
4560 0.246258
4580 0.334174
4600 0.135978
4620 0.253625
4640 0.219238
4660 0.286556
4680 0.170058
4700 0.295218
4720 0.375382
4740 0.206301
4760 0.319959
4780 0.216365
4800 0.404783
4820 0.362694
4840 0.0990023
4860 0.41201
4880 0.313484
4900 0.129442
4920 0.255976
4940 0.214432
4960 0.270119
4980 0.202752
5000 0.112946
5020 0.276448
5040 0.242763
5060 0.356705
5080 0.344471
5100 0.198926
5120 0.326831
5140 0.353346
5160 0.227023
5180 0.158452
5200 0.247885
5220 0.267092
5240 0.0690795
5260 0.40212
5280 0.167244
5300 0.219272
5320 0.150229
5340 0.349222
5360 0.274799
5380 0.331271
5400 0.285183
5420 0.346511
5440 0.201417
5460 0.153587
5480 0.330754
5500 0.387012
5520 0.24631
5540 0.19351
5560 0.133933
5580 0.290162
5600 0.257702
5620 0.120841
5640 0.214895
5660 0.136477
5680 0.0675047
5700 0.253127
5720 0.270812
5740 0.176987
5760 0.206941
5780 0.465967
5800 0.14958
5820 0.32466
5840 0.164133
5860 0.31306
5880 0.244841
5900 0.147034
5920 0.137038
5940 0.211568
5960 0.349539
5980 0.232235
6000 0.236698
6020 0.299021
6040 0.38526
6060 0.214061
6080 0.221569
6100 0.355369
6120 0.352151
6140 0.13074
6160 0.32468
6180 0.398192
6200 0.408909
6220 0.293355
6240 0.37789
6260 0.199126
6280 0.212097
6300 0.32006
6320 0.154304
6340 0.229849
6360 0.173581
6380 0.267453
6400 0.239926
6420 0.169918
6440 0.125164
6460 0.174139
6480 0.359639
6500 0.20004
6520 0.319692
6540 0.212073
6560 0.236102
6580 0.382151
6600 0.381242
6620 0.39388
6640 0.330043
6660 0.309309
6680 0.342751
6700 0.331819
6720 0.486625
6740 0.250654
6760 0.345022
6780 0.188839
6800 0.326128
6820 0.190762
6840 0.275135
6860 0.181901
6880 0.135598
6900 0.238858
6920 0.257436
6940 0.329322
6960 0.361322
6980 0.296179
7000 0.173725
7020 0.0771069
7040 0.240541
7060 0.178836
7080 0.312591
7100 0.278238
7120 0.344102
7140 0.327021
7160 0.269707
7180 0.212548
7200 0.242507
7220 0.220015
7240 0.272882
7260 0.141946
7280 0.205688
7300 0.21801
7320 0.30622
7340 0.288165
7360 0.116864
7380 0.211513
7400 0.16606
7420 0.281198
7440 0.278685
7460 0.201301
7480 0.243654
7500 0.339819
7520 0.217796
7540 0.319504
7560 0.314113
7580 0.264876
7600 0.301135
7620 0.263807
7640 0.412003
7660 0.273027
7680 0.260924
7700 0.145086
7720 0.184347
7740 0.335251
7760 0.290678
7780 0.176793
7800 0.223696
7820 0.304223
7840 0.27732
7860 0.334992
7880 0.504159
7900 0.274545
7920 0.348512
7940 0.274882
7960 0.269852
7980 0.430169
8000 0.15598
8020 0.216284
8040 0.186474
8060 0.0735035
8080 0.374386
8100 0.250019
8120 0.281779
8140 0.322245
8160 0.263202
8180 0.249028
8200 0.237188
8220 0.292419
8240 0.19185
8260 0.133018
8280 0.391771
8300 0.221197
8320 0.355309
8340 0.168217
8360 0.357621
8380 0.304879
8400 0.18754
8420 0.263745
8440 0.185768
8460 0.292516
8480 0.368243
8500 0.284378
8520 0.165555
8540 0.329686
8560 0.171264
8580 0.294742
8600 0.212709
8620 0.22816
8640 0.412091
8660 0.16214
8680 0.240427
8700 0.207794
8720 0.157876
8740 0.102005
8760 0.281767
8780 0.16753
8800 0.236159
8820 0.155602
8840 0.189559
8860 0.235442
8880 0.435059
8900 0.21425
8920 0.211296
8940 0.344955
8960 0.170836
8980 0.23436
9000 0.208824
9020 0.13567
9040 0.313058
9060 0.431094
9080 0.201011
9100 0.221247
9120 0.142233
9140 0.193943
9160 0.298966
9180 0.391635
9200 0.313266
9220 0.172041
9240 0.244085
9260 0.221418
9280 0.231455
9300 0.16404
9320 0.263173
9340 0.121312
9360 0.155389
9380 0.157598
9400 0.267477
9420 0.0887836
9440 0.261284
9460 0.294224
9480 0.144701
9500 0.312631
9520 0.224526
9540 0.246071
9560 0.201965
9580 0.249863
9600 0.17025
9620 0.134218
9640 0.202772
9660 0.283803
9680 0.10056
9700 0.250324
9720 0.438808
9740 0.274507
9760 0.222294
9780 0.197045
9800 0.207163
9820 0.236469
9840 0.248338
9860 0.285793
9880 0.337761
9900 0.230066
9920 0.105845
9940 0.182584
9960 0.324523
9980 0.163043
10000 0.286559
10020 0.229321
10040 0.164961
10060 0.226022
10080 0.10976
10100 0.222367
10120 0.142345
10140 0.317361
10160 0.099136
10180 0.364259
10200 0.271922
10220 0.17628
10240 0.268028
10260 0.324173
10280 0.0785229
10300 0.270148
10320 0.236696
10340 0.18711
10360 0.277596
10380 0.371633
10400 0.246351
10420 0.204583
10440 0.199694
10460 0.355425
10480 0.233661
10500 0.398559
10520 0.0982603
10540 0.482399
10560 0.240663
10580 0.322216
10600 0.228289
10620 0.22653
10640 0.195876
10660 0.175411
10680 0.205497
10700 0.294367
10720 0.298241
10740 0.407933
10760 0.200026
10780 0.203352
10800 0.18884
10820 0.155203
10840 0.215951
10860 0.371274
10880 0.273149
10900 0.314437
10920 0.157634
10940 0.306546
10960 0.144522
10980 0.393169
11000 0.269918
11020 0.198476
11040 0.197061
11060 0.440987
11080 0.173447
11100 0.314996
11120 0.145069
11140 0.20653
11160 0.318944
11180 0.436489
11200 0.271882
11220 0.298341
11240 0.236058
11260 0.250614
11280 0.265914
11300 0.257016
11320 0.27579
11340 0.10822
11360 0.221611
11380 0.271213
11400 0.371919
11420 0.148131
11440 0.232824
11460 0.280347
11480 0.188884
11500 0.162599
11520 0.192777
11540 0.230969
11560 0.220106
11580 0.0813955
11600 0.255208
11620 0.418279
11640 0.259785
11660 0.195821
11680 0.271764
11700 0.311186
11720 0.436068
11740 0.237566
11760 0.252736
11780 0.254272
11800 0.147336
11820 0.218526
11840 0.443178
11860 0.35848
11880 0.202188
11900 0.304627
11920 0.348585
11940 0.298555
11960 0.239405
11980 0.228132
12000 0.218211
12020 0.33699
12040 0.329038
12060 0.185077
12080 0.215804
12100 0.230805
12120 0.150495
12140 0.235738
12160 0.170505
12180 0.190298
12200 0.292743
12220 0.252412
12240 0.305
12260 0.269237
12280 0.203473
12300 0.150746
12320 0.320455
12340 0.213171
12360 0.295242
12380 0.334743
12400 0.0599094
12420 0.163878
12440 0.168577
12460 0.212528
12480 0.133646
12500 0.263639
12520 0.40789
12540 0.241037
12560 0.275979
12580 0.248213
12600 0.126734
12620 0.139665
12640 0.257125
12660 0.118407
12680 0.178401
12700 0.203712
12720 0.313681
12740 0.263108
12760 0.217646
12780 0.271547
12800 0.17428
12820 0.254087
12840 0.331016
12860 0.290444
12880 0.249993
12900 0.134032
12920 0.166073
12940 0.308841
12960 0.188442
12980 0.143229
13000 0.187794
13020 0.284864
13040 0.179244
13060 0.454084
13080 0.35504
13100 0.340525
13120 0.169227
13140 0.182535
13160 0.410143
13180 0.194712
13200 0.221936
13220 0.139544
13240 0.18841
13260 0.172745
13280 0.244888
13300 0.219051
13320 0.130791
13340 0.365001
13360 0.170818
13380 0.259229
13400 0.326887
13420 0.165935
13440 0.144379
13460 0.332657
13480 0.290465
13500 0.265399
13520 0.204721
13540 0.104938
13560 0.130454
13580 0.276923
13600 0.303491
13620 0.283985
13640 0.239646
13660 0.189741
13680 0.241576
13700 0.237183
13720 0.453285
13740 0.075895
13760 0.263861
13780 0.199114
13800 0.23019
13820 0.321332
13840 0.116764
13860 0.167692
13880 0.17552
13900 0.30031
13920 0.489819
13940 0.386759
13960 0.227049
13980 0.250187
14000 0.246316
14020 0.236231
14040 0.307637
14060 0.164316
14080 0.225449
14100 0.313436
14120 0.193628
14140 0.253525
14160 0.21015
14180 0.3881
14200 0.24857
14220 0.228997
14240 0.349463
14260 0.281169
14280 0.247902
14300 0.136164
14320 0.3221
14340 0.345909
14360 0.199219
14380 0.370677
14400 0.1162
14420 0.344108
14440 0.144137
14460 0.230374
14480 0.228139
14500 0.227614
14520 0.242567
14540 0.219621
14560 0.260295
14580 0.206625
14600 0.214047
14620 0.249724
14640 0.219114
14660 0.258166
14680 0.23825
14700 0.111478
14720 0.219336
14740 0.291714
14760 0.212913
14780 0.160756
14800 0.26201
14820 0.25188
14840 0.294624
14860 0.169421
14880 0.315589
14900 0.553656
14920 0.353632
14940 0.217764
14960 0.300856
14980 0.26226
15000 0.247209
15020 0.237549
15040 0.2743
15060 0.319352
15080 0.338398
15100 0.242337
15120 0.366561
15140 0.224455
15160 0.288223
15180 0.252988
15200 0.2494
15220 0.160951
15240 0.11229
15260 0.261791
15280 0.144717
15300 0.452823
15320 0.287239
15340 0.27268
15360 0.304203
15380 0.233911
15400 0.15024
15420 0.481874
15440 0.200175
15460 0.356896
15480 0.413595
15500 0.349812
15520 0.20936
15540 0.383999
15560 0.241499
15580 0.114337
15600 0.20726
15620 0.11775
15640 0.362766
15660 0.236329
15680 0.393737
15700 0.259157
15720 0.279232
15740 0.288298
15760 0.481599
15780 0.308178
15800 0.227796
15820 0.275946
15840 0.297238
15860 0.18105
15880 0.369809
15900 0.250198
15920 0.130895
15940 0.413541
15960 0.106589
15980 0.311399
16000 0.227138
16020 0.364787
16040 0.302665
16060 0.221586
16080 0.372523
16100 0.397604
16120 0.21446
16140 0.273623
16160 0.248736
16180 0.0772363
16200 0.261003
16220 0.216052
16240 0.253478
16260 0.25238
16280 0.279247
16300 0.337045
16320 0.459424
16340 0.175631
16360 0.247549
16380 0.104784
16400 0.324888
16420 0.165514
16440 0.190713
16460 0.234657
16480 0.110437
16500 0.16683
16520 0.365397
16540 0.493533
16560 0.248946
16580 0.351208
16600 0.369793
16620 0.259127
16640 0.219755
16660 0.147172
16680 0.148364
16700 0.201723
16720 0.363468
16740 0.24832
16760 0.202403
16780 0.208157
16800 0.206384
16820 0.262834
16840 0.290131
16860 0.104869
16880 0.190709
16900 0.27548
16920 0.292316
16940 0.341913
16960 0.178401
16980 0.143485
17000 0.241193
17020 0.127907
17040 0.272156
17060 0.110189
17080 0.511217
17100 0.159393
17120 0.39365
17140 0.334126
17160 0.17086
17180 0.196381
17200 0.223213
17220 0.373408
17240 0.0723236
17260 0.262509
17280 0.227443
17300 0.235622
17320 0.210295
17340 0.403036
17360 0.245943
17380 0.145066
17400 0.277378
17420 0.265261
17440 0.254544
17460 0.381383
17480 0.248372
17500 0.111751
17520 0.188425
17540 0.358111
17560 0.172579
17580 0.123623
17600 0.192921
17620 0.20689
17640 0.294477
17660 0.142858
17680 0.480305
17700 0.239097
17720 0.221515
17740 0.344768
17760 0.252606
17780 0.340671
17800 0.383582
17820 0.277006
17840 0.240227
17860 0.384809
17880 0.205942
17900 0.183934
17920 0.109496
17940 0.164351
17960 0.17312
17980 0.123995
18000 0.194391
18020 0.225263
18040 0.411832
18060 0.130793
18080 0.226492
18100 0.389096
18120 0.413945
18140 0.197495
18160 0.29681
18180 0.241266
18200 0.410434
18220 0.266598
18240 0.190936
18260 0.301886
18280 0.386394
18300 0.299777
18320 0.22553
18340 0.157059
18360 0.310229
18380 0.115547
18400 0.210772
18420 0.200367
18440 0.142803
18460 0.16163
18480 0.32166
18500 0.160636
18520 0.200275
18540 0.269232
18560 0.237272
18580 0.260735
18600 0.250337
18620 0.177669
18640 0.183838
18660 0.180213
18680 0.2817
18700 0.218723
18720 0.253516
18740 0.376735
18760 0.103458
18780 0.223922
18800 0.314805
18820 0.249681
18840 0.201698
18860 0.248844
18880 0.34986
18900 0.235055
18920 0.264899
18940 0.0909535
18960 0.251084
18980 0.211209
19000 0.288077
19020 0.141151
19040 0.321602
19060 0.18556
19080 0.374766
19100 0.20279
19120 0.126215
19140 0.0720366
19160 0.23962
19180 0.193633
19200 0.146971
19220 0.241286
19240 0.217817
19260 0.266963
19280 0.178791
19300 0.322894
19320 0.18747
19340 0.209647
19360 0.239383
19380 0.22774
19400 0.0620339
19420 0.177723
19440 0.223428
19460 0.390045
19480 0.1764
19500 0.26616
19520 0.287173
19540 0.218263
19560 0.295764
19580 0.219499
19600 0.12672
19620 0.240231
19640 0.320479
19660 0.412264
19680 0.175141
19700 0.134649
19720 0.295827
19740 0.189619
19760 0.207902
19780 0.552293
19800 0.272876
19820 0.298394
19840 0.361878
19860 0.165332
19880 0.463138
19900 0.341454
19920 0.223914
19940 0.186593
19960 0.238117
19980 0.182841
20000 0.222745
20020 0.178512
20040 0.243051
20060 0.28086
20080 0.309458
20100 0.228896
20120 0.221339
20140 0.111395
20160 0.293223
20180 0.162176
20200 0.350437
20220 0.164545
20240 0.378272
20260 0.144593
20280 0.319249
20300 0.184792
20320 0.229208
20340 0.216363
20360 0.157715
20380 0.230662
20400 0.300539
20420 0.27532
20440 0.229782
20460 0.251759
20480 0.293928
20500 0.196501
20520 0.360268
20540 0.221901
20560 0.283808
20580 0.134725
20600 0.254748
20620 0.348446
20640 0.251504
20660 0.220039
20680 0.169495
20700 0.222155
20720 0.33968
20740 0.178688
20760 0.37825
20780 0.239074
20800 0.145474
20820 0.247058
20840 0.105045
20860 0.322099
20880 0.157303
20900 0.0975308
20920 0.275874
20940 0.269074
20960 0.257669
20980 0.295385
21000 0.309537
21020 0.134501
21040 0.225633
21060 0.262227
21080 0.226965
21100 0.307018
21120 0.253092
21140 0.189194
21160 0.183554
21180 0.189005
21200 0.247098
21220 0.223458
21240 0.107349
21260 0.339907
21280 0.278684
21300 0.1668
21320 0.452941
21340 0.120165
21360 0.144722
21380 0.378704
21400 0.245974
21420 0.231245
21440 0.201634
21460 0.285157
21480 0.190709
21500 0.216259
21520 0.192623
21540 0.277246
21560 0.172765
21580 0.145095
21600 0.440269
21620 0.200918
21640 0.254244
21660 0.132779
21680 0.401735
21700 0.0854115
21720 0.310533
21740 0.34467
21760 0.197054
21780 0.223473
21800 0.209997
21820 0.0946446
21840 0.218563
21860 0.216466
21880 0.364496
21900 0.184994
21920 0.275005
21940 0.282257
21960 0.164852
21980 0.238658
22000 0.245498
22020 0.126621
22040 0.195558
22060 0.302874
22080 0.152555
22100 0.335189
22120 0.214168
22140 0.423121
22160 0.160026
22180 0.42105
22200 0.187998
22220 0.341784
22240 0.399013
22260 0.17957
22280 0.282772
22300 0.169875
22320 0.204907
22340 0.176375
22360 0.262391
22380 0.30204
22400 0.137072
22420 0.276451
22440 0.139981
22460 0.260977
22480 0.134619
22500 0.3857
22520 0.275916
22540 0.167628
22560 0.170485
22580 0.317355
22600 0.21902
22620 0.131383
22640 0.122162
22660 0.0755902
22680 0.136493
22700 0.279815
22720 0.240152
22740 0.260507
22760 0.156233
22780 0.16592
22800 0.296963
22820 0.271074
22840 0.170498
22860 0.438047
22880 0.143971
22900 0.274348
22920 0.19991
22940 0.488592
22960 0.264399
22980 0.274754
23000 0.230411
23020 0.0817442
23040 0.234432
23060 0.43896
23080 0.324787
23100 0.339608
23120 0.196832
23140 0.30728
23160 0.241203
23180 0.256919
23200 0.226467
23220 0.22513
23240 0.184892
23260 0.271595
23280 0.241057
23300 0.237499
23320 0.393329
23340 0.386456
23360 0.141958
23380 0.451696
23400 0.260318
23420 0.363694
23440 0.119343
23460 0.340997
23480 0.247632
23500 0.394341
23520 0.113047
23540 0.210169
23560 0.241764
23580 0.182739
23600 0.344756
23620 0.204528
23640 0.309886
23660 0.285414
23680 0.144804
23700 0.237092
23720 0.218898
23740 0.211874
23760 0.205305
23780 0.209686
23800 0.222747
23820 0.239861
23840 0.323001
23860 0.221229
23880 0.151189
23900 0.374297
23920 0.186177
23940 0.41879
23960 0.177749
23980 0.149077
24000 0.172196
24020 0.258315
24040 0.291544
24060 0.488148
24080 0.235768
24100 0.154523
24120 0.356918
24140 0.264779
24160 0.273502
24180 0.174019
24200 0.442681
24220 0.254689
24240 0.340228
24260 0.127581
24280 0.26649
24300 0.342259
24320 0.28799
24340 0.144443
24360 0.385209
24380 0.271848
24400 0.312196
24420 0.246982
24440 0.266448
24460 0.240014
24480 0.323171
24500 0.136808
24520 0.203285
24540 0.188818
24560 0.105648
24580 0.144802
24600 0.240264
24620 0.37801
24640 0.209719
24660 0.253814
24680 0.165492
24700 0.199867
24720 0.225535
24740 0.209881
24760 0.28085
24780 0.25315
24800 0.152175
24820 0.245844
24840 0.0806852
24860 0.13692
24880 0.141664
24900 0.325514
24920 0.185467
24940 0.247241
24960 0.34398
24980 0.182485
25000 0.0826432
25020 0.225627
25040 0.37816
25060 0.129769
25080 0.216228
25100 0.194839
25120 0.112087
25140 0.295181
25160 0.226569
25180 0.284945
25200 0.229276
25220 0.224221
25240 0.204383
25260 0.178714
25280 0.225562
25300 0.336924
25320 0.222138
25340 0.625719
25360 0.210467
25380 0.280952
25400 0.161529
25420 0.199628
25440 0.214431
25460 0.200247
25480 0.193358
25500 0.392203
25520 0.20727
25540 0.452586
25560 0.206265
25580 0.338757
25600 0.368832
25620 0.313754
25640 0.551619
25660 0.24608
25680 0.222835
25700 0.285239
25720 0.302683
25740 0.221232
25760 0.301465
25780 0.225597
25800 0.271959
25820 0.35977
25840 0.220431
25860 0.136355
25880 0.232926
25900 0.525282
25920 0.269396
25940 0.326564
25960 0.280656
25980 0.13983
26000 0.281876
26020 0.367608
26040 0.197334
26060 0.21112
26080 0.270982
26100 0.254415
26120 0.16963
26140 0.280444
26160 0.31083
26180 0.277645
26200 0.171282
26220 0.427217
26240 0.169046
26260 0.0698446
26280 0.335603
26300 0.24647
26320 0.354567
26340 0.216487
26360 0.298673
26380 0.238522
26400 0.146745
26420 0.266414
26440 0.211452
26460 0.202877
26480 0.239923
26500 0.428331
26520 0.25811
26540 0.283116
26560 0.268346
26580 0.281326
26600 0.375769
26620 0.311676
26640 0.229984
26660 0.218522
26680 0.165061
26700 0.366547
26720 0.313262
26740 0.220451
26760 0.342263
26780 0.282448
26800 0.183045
26820 0.205478
26840 0.219659
26860 0.183416
26880 0.3575
26900 0.25458
26920 0.104447
26940 0.240228
26960 0.199904
26980 0.334118
27000 0.1435
27020 0.124097
27040 0.394509
27060 0.291178
27080 0.23316
27100 0.281589
27120 0.296906
27140 0.529333
27160 0.264275
27180 0.256159
27200 0.24737
27220 0.218877
27240 0.516044
27260 0.197564
27280 0.291504
27300 0.292062
27320 0.27966
27340 0.132287
27360 0.183663
27380 0.122157
27400 0.210628
27420 0.168458
27440 0.0938578
27460 0.31367
27480 0.279092
27500 0.355488
27520 0.229727
27540 0.220585
27560 0.37693
27580 0.192605
27600 0.156586
27620 0.220852
27640 0.462651
27660 0.456458
27680 0.281325
27700 0.365923
27720 0.273582
27740 0.139454
27760 0.289129
27780 0.263354
27800 0.0984714
27820 0.242108
27840 0.117082
27860 0.150232
27880 0.269273
27900 0.228068
27920 0.254261
27940 0.20352
27960 0.329698
27980 0.359968
28000 0.249219
28020 0.174903
28040 0.212698
28060 0.168781
28080 0.285995
28100 0.167066
28120 0.0761575
28140 0.431873
28160 0.225763
28180 0.342359
28200 0.269484
28220 0.127133
28240 0.245188
28260 0.265333
28280 0.256511
28300 0.176448
28320 0.222487
28340 0.279916
28360 0.317918
28380 0.172061
28400 0.226663
28420 0.302052
28440 0.228113
28460 0.0946095
28480 0.367979
28500 0.151392
28520 0.262805
28540 0.204105
28560 0.124647
28580 0.245912
28600 0.382688
28620 0.26892
28640 0.125931
28660 0.236291
28680 0.390425
28700 0.291622
28720 0.146542
28740 0.20728
28760 0.387416
28780 0.450631
28800 0.175464
28820 0.162858
28840 0.224628
28860 0.192159
28880 0.271566
28900 0.193647
28920 0.179245
28940 0.186017
28960 0.259533
28980 0.148701
29000 0.254641
29020 0.326093
29040 0.194332
29060 0.276501
29080 0.405911
29100 0.362897
29120 0.237638
29140 0.277365
29160 0.131553
29180 0.322909
29200 0.281591
29220 0.296643
29240 0.273458
29260 0.270229
29280 0.436782
29300 0.21053
29320 0.224946
29340 0.297167
29360 0.377943
29380 0.277344
29400 0.259572
29420 0.289133
29440 0.239544
29460 0.269768
29480 0.179968
29500 0.184294
29520 0.216159
29540 0.151558
29560 0.23916
29580 0.184612
29600 0.231722
29620 0.433576
29640 0.409734
29660 0.314656
29680 0.322959
29700 0.423838
29720 0.323249
29740 0.308903
29760 0.149067
29780 0.3069
29800 0.121127
29820 0.105173
29840 0.189706
29860 0.23283
29880 0.13915
29900 0.152301
29920 0.148273
29940 0.152854
29960 0.257964
29980 0.200045
