2.65898
0.4239
0.609736
0.345419
0.769161
0.440005
0.281206
0.345478
0.275812
0.269317
0.175499
0.332812
0.308721
0.224076
0.336133
0.140378
0.247339
0.205212
0.0904747
0.377286
0.252701
0.265956
0.0831368
0.164786
0.241483
0.249925
0.126731
0.16775
0.123109
0.117155
0.209777
0.366119
0.101194
0.0911326
0.159007
0.0891657
0.0751997
0.17184
0.172306
0.174312
0.240959
0.0931073
0.168973
0.124467
0.107677
0.259029
0.117596
0.244876
0.1617
0.0611624
0.272186
0.16587
0.169057
0.141221
0.0750531
0.144839
0.158035
0.153376
0.252958
0.246363
0.222681
0.0310627
0.077801
0.149469
0.0847897
0.211022
0.0806913
0.27745
0.128125
0.17393
0.117114
0.226324
0.120308
0.129609
0.173951
0.118187
0.112552
0.223034
0.258397
0.0876711
0.234615
0.153203
0.104309
0.115959
0.0536048
0.129739
0.109654
0.13114
0.178101
0.410131
0.0811523
0.314458
0.10283
0.135206
0.0961429
0.156437
0.177219
0.153648
0.156516
0.135951
0.212207
0.161532
0.185543
0.131749
0.22722
0.104671
0.0975256
0.0605024
0.114704
0.300098
0.13353
0.272067
0.079882
0.166561
0.116996
0.0915855
0.143148
0.153003
0.218746
0.0971032
0.113658
0.139812
0.114065
0.27216
0.127127
0.101824
0.17586
0.366179
0.140707
0.124559
0.0986322
0.092826
0.0871728
0.438534
0.188717
0.202303
0.131657
0.126511
0.128108
0.181473
0.132403
0.0281028
0.119402
0.286208
0.167829
0.114752
0.158765
0.159382
0.15482
0.211924
0.0531174
0.143769
0.174788
0.0770907
0.315229
0.0735308
0.118327
0.14695
0.0496474
0.160486
0.114312
0.182675
0.133772
0.117381
0.0421621
0.193781
0.113378
0.189229
0.142609
0.153006
0.245556
0.0889388
0.283169
0.174935
0.0946152
0.103053
0.122516
0.123817
0.141872
0.132181
0.156168
0.173225
0.146252
0.21925
0.272947
0.152013
0.132709
0.0662589
0.120373
0.185604
0.0339065
0.163544
0.0912459
0.221205
0.0587999
0.0581736
0.208677
0.162985
0.148449
0.105679
0.131032
0.0940214
0.0993752
0.186353
0.116609
0.211367
0.113388
0.0521117
0.160053
0.0892115
0.13491
0.236308
0.0484573
0.232063
0.0506402
0.0381988
0.0597767
0.113129
0.181447
0.158448
0.0865673
0.0988271
0.172887
0.124966
0.0939214
0.339056
0.135687
0.0937003
0.0422357
0.0828076
0.0524522
0.0622125
0.29725
0.229409
0.0690747
0.140674
0.0825102
0.147555
0.182389
0.121556
0.164003
0.0964202
0.131483
0.10478
0.16918
0.102736
0.154964
0.0202827
0.0897233
0.273141
0.122814
0.0623112
0.3546
0.0528969
0.0767193
0.142046
0.0417428
0.0565195
0.111862
0.118023
0.145494
0.0855351
0.167662
0.134861
0.0539547
0.182604
0.0543513
0.291722
0.168687
0.0925077
0.114435
0.13263
0.143414
0.119018
0.095874
0.138001
0.150281
0.121226
0.0771895
0.209755
0.0733901
0.0893285
0.13094
0.00574015
0.14236
0.153179
0.0764729
0.0471616
0.143293
0.0617275
0.0924
0.0711972
0.0845042
0.0658441
0.0330314
0.0847369
0.168193
0.132382
0.0500777
0.124669
0.0809838
0.0673314
0.110876
0.0836513
0.0582378
0.1789
0.081388
0.047205
0.0862017
0.0767217
0.143107
0.229607
0.133231
0.190614
0.184527
0.0785318
0.101438
0.100291
0.108241
0.123272
0.180296
0.258548
0.120936
0.0761238
0.0892146
0.171232
0.166778
0.162374
0.0358857
0.209651
0.0555132
0.0731909
0.142404
0.156424
0.174632
0.208523
0.071638
0.249779
0.0494148
0.0652185
0.0458514
0.0811916
0.130662
0.179074
0.148373
0.0606931
0.0890144
0.0476765
0.1549
0.16914
0.104229
0.148125
0.0984323
0.129568
0.0856344
0.0869842
0.0948381
0.0241995
0.0593725
0.283718
0.108349
0.0907758
0.0976027
0.136176
0.121827
0.146714
0.201743
0.162619
0.0519514
0.0635597
0.0801854
0.0570536
0.183959
0.0377149
0.0800607
0.041077
0.088803
0.263957
0.126995
0.0435637
0.193016
0.148115
0.0353198
0.132626
0.108123
0.119254
0.0844974
0.0612213
0.138423
0.110275
0.0721287
0.150511
0.064221
0.112697
0.0712829
0.0580319
0.127606
0.0944568
0.168461
0.0488764
0.0877854
0.158151
0.139037
0.104144
0.0730009
0.100358
0.0777177
0.0577692
0.393598
0.0345479
0.163768
0.0995056
0.0693974
0.197621
0.0606024
0.099497
0.0477048
0.0322814
0.203631
0.129369
0.123201
0.0422866
0.118139
0.0608086
0.0800556
0.109498
0.114338
0.0558839
0.118579
0.137994
0.0692636
0.0760157
0.0458356
0.0764759
0.250627
0.195664
0.0864136
0.0773251
0.0377188
0.139005
0.145509
0.118609
0.117453
0.100103
0.0830425
0.0939451
0.185979
0.133616
0.354299
0.143862
0.151876
0.0199811
0.109152
0.142733
0.0863757
0.0881486
0.169417
0.13141
0.141997
0.120647
0.128614
0.155832
0.0847857
0.123486
0.137835
0.0470037
0.0359607
0.0469386
0.0967953
0.20089
0.0960133
0.120653
0.13968
0.105371
0.173983
0.173306
0.188937
0.0514487
0.0656951
0.110144
0.0585998
0.0336199
0.13035
0.0964056
0.0705529
0.0823526
0.0758638
0.12035
0.105427
0.149522
0.0820747
0.600118
0.118863
0.068447
0.0405013
0.0912729
0.120396
0.0491095
0.114102
0.0891101
0.0995454
0.0719637
0.154475
0.127399
0.0594249
0.124507
0.0483538
0.102236
0.137709
0.178187
0.0950489
0.109913
0.192536
0.189705
0.10915
0.117795
0.09151
0.0719422
0.0822741
0.101834
0.0849208
0.0339769
0.122721
0.17563
0.0518314
0.162142
0.297311
0.0575714
0.0369364
0.146601
0.0874706
0.191751
0.0904552
0.0575432
0.121268
0.18178
0.124602
0.0366308
0.167057
0.109966
0.0483162
0.144054
0.114513
0.0992097
0.0939519
0.0873137
0.0617323
0.0800879
0.162108
0.111681
0.0702451
0.151589
0.151336
0.0521679
0.0933853
0.341
0.140628
0.109717
0.0994658
0.0729133
0.105389
0.117184
0.143782
0.241179
0.134078
0.112089
0.108846
0.113924
0.100815
0.107705
0.119381
0.0486365
0.106228
0.0451162
0.107166
0.0410348
0.0832983
0.0900921
0.0452782
0.070621
0.10611
0.200542
0.0939662
0.0881207
0.141306
0.170215
0.175308
0.0813516
0.0878373
0.0757223
0.183974
0.075671
0.0961862
0.134789
0.134471
0.07482
0.234212
0.0841541
0.142588
0.136937
0.171679
0.0898312
0.141794
0.214252
0.0963174
0.153212
0.0497755
0.119351
0.0886076
0.186543
0.105452
0.0707857
0.0308836
0.13003
0.10092
0.144638
0.112573
0.148992
0.159069
0.0631594
0.192074
0.0510053
0.0832195
0.183848
0.0876642
0.0588761
0.0378552
0.088075
0.145455
0.16601
0.0730112
0.0120304
0.0718156
0.0863151
0.0455547
0.0530507
0.106304
0.0508872
0.160453
0.0577472
0.00852874
0.0750572
0.10632
0.0833184
0.183206
0.0633719
0.0510266
0.00879715
0.0307038
0.0980635
0.0924974
0.0784065
0.109503
0.104027
0.0886142
0.0971647
0.130517
0.154189
0.0689474
0.0981633
0.0631209
0.0877974
0.125214
0.100514
0.2664
0.0648948
0.150634
0.114148
0.0906301
0.21213
0.217742
0.0430244
0.0442253
0.176492
0.084208
0.115006
0.0720163
0.111126
0.254588
0.10428
0.0650629
0.0363916
0.0660636
0.0223241
0.107155
0.177591
0.0837528
0.0453141
0.158056
0.21917
0.0234932
0.114016
0.0668457
0.163908
0.0904425
0.124415
0.0441917
0.0558797
0.0960952
0.0855347
0.143743
0.0860699
0.0592178
0.0758784
0.101348
0.0998816
0.0900624
0.113502
0.1676
0.016895
0.0812984
0.122609
0.0466402
0.0906996
0.0328961
0.0512911
0.10021
0.0763312
0.126582
0.0718895
0.0988324
0.0457963
0.0683629
0.0839425
0.08806
0.0535932
0.0906837
0.046377
0.0872746
0.146422
0.0457523
0.0327622
0.0555971
0.155925
0.0303223
0.0960118
0.0358926
0.0512515
0.0806794
0.067971
0.0906743
0.10072
0.0222104
0.0228438
0.189396
0.107503
0.0517816
0.049492
0.0934271
0.0446523
0.0797862
0.0910712
0.0292562
0.052445
0.0420807
0.129458
0.120664
0.130579
0.0849512
0.0656533
0.0688558
0.111279
0.103674
0.132396
0.0684515
0.0516725
0.0723942
0.0735816
0.156492
0.128419
0.0696368
0.150537
0.0993885
0.0866659
0.114873
0.065246
0.16517
0.120439
0.142397
0.155252
0.0598381
0.126456
0.141295
0.114609
0.170983
0.148352
0.0921197
0.117476
0.0804143
0.0962802
0.0966851
0.1274
0.100206
0.0661125
0.0405041
0.0603798
0.0629835
0.0491273
0.0773515
0.0894932
0.111622
0.0995273
0.0617922
0.060578
0.173638
0.0616187
0.050182
0.103879
0.0433629
0.0787602
0.169833
0.131497
0.0324581
0.0933326
0.0887725
0.0788021
0.105875
0.144895
0.0637542
0.0572606
0.0746555
0.0877604
0.0213896
0.116106
0.102613
0.0958718
0.0291884
0.0648293
0.0842185
0.085099
0.0919207
0.232297
0.0833699
0.0771704
0.151305
0.0771794
0.0632543
0.177638
0.115999
0.0349446
0.117818
0.0478723
0.171665
0.116041
0.0550917
0.0780359
0.0449688
0.0524334
0.0240052
0.0828279
0.0591901
0.0655462
0.121384
0.167326
0.119168
0.192336
0.0940555
0.0289906
0.138382
0.0343624
0.0822828
0.0904643
0.0260147
0.0790455
0.0849699
0.132668
0.137112
0.141076
0.072625
0.104827
0.128134
0.175136
0.112985
0.0812736
0.0309292
0.101652
0.134094
0.094251
0.102871
0.122361
0.083849
0.0675964
0.0905167
0.132947
0.0934937
0.146268
0.0801284
0.0960166
0.061877
0.140214
0.131507
0.116597
0.0655501
0.0504664
0.0487281
0.140475
0.110754
0.129501
0.0721846
0.0569862
0.093429
0.0419253
0.0672593
0.250229
0.0718485
0.0920376
0.0963701
0.110826
0.0793313
0.100474
0.0479923
0.114974
0.0727542
0.0620438
0.0321884
0.0964521
0.0641632
0.154732
0.101313
0.143348
0.0291451
0.110671
0.119046
0.0638623
0.0741949
0.114424
0.145984
0.120022
0.109073
0.103737
0.175109
0.0935931
0.0925246
0.0476205
0.0625794
0.0403033
0.0629848
0.0397864
0.0159927
0.0685656
0.135446
0.133261
0.127884
0.161948
0.0272682
0.0054533
0.103954
0.111801
0.093175
0.0567759
0.124922
0.0915256
0.0784436
0.0560036
0.0204127
0.0462284
0.103004
0.050547
0.084656
0.0919139
0.0639168
0.14646
0.0289416
0.0984062
0.0964972
0.0669285
0.11165
0.0563535
0.0818754
0.0454307
0.105616
0.0391861
0.103772
0.138163
0.08788
0.0451032
0.147336
0.0908783
0.0548595
0.132944
0.13505
0.0759424
0.0758819
0.0747741
0.0733623
0.0839616
0.0659856
0.177157
0.126725
0.111145
0.0396509
0.0309806
0.0593148
0.106844
0.102227
0.0473189
0.0913517
0.0567375
0.164564
0.0934686
0.126438
0.18901
0.0705156
0.0581905
0.152601
0.144331
0.136456
0.0424505
0.100495
0.0653226
0.0737307
0.0431866
0.0588311
0.0344267
0.0573551
0.0832639
0.0713591
0.129122
0.140096
0.08591
0.137896
0.169414
0.0136722
0.0723443
0.0741721
0.0938577
0.0986559
0.126732
0.0316789
0.103882
0.0743235
0.0996372
0.0659478
0.14575
0.0511898
0.0642439
0.125913
0.0444093
0.166987
0.144001
0.149937
0.09716
0.110765
0.127743
0.114505
0.126954
0.0391782
0.0339459
0.0400526
0.136764
0.0513284
0.0509853
0.020666
0.0354686
0.114702
0.0580097
0.0845827
0.0542687
0.103518
0.159418
0.066861
0.15193
0.0645836
0.0787445
0.0780129
0.0588159
0.0674212
0.114439
0.0856779
0.0674774
0.0846384
0.0188785
0.109589
0.135569
0.0408453
0.0744942
0.0675734
0.0588648
0.0283374
0.199061
0.0193602
0.0692988
0.127157
0.102593
0.0673995
0.0641617
0.0862658
0.13816
0.0964614
0.0714623
0.0987783
0.0509644
0.0617944
0.134451
0.0693115
0.079667
0.0363842
0.0453411
0.182093
0.0642359
0.143984
0.0187533
0.118606
0.120844
0.040483
0.0855053
0.173303
0.106165
0.0513239
0.0686101
0.115485
0.0475849
0.277515
0.0479941
0.0593784
0.200575
0.0826374
0.157299
0.0541248
0.0949415
0.0951553
0.114536
0.103413
0.181899
0.0993344
0.0798773
0.0526485
0.0556742
0.17646
0.158756
0.0525441
0.0716089
0.0379994
0.0706228
0.145065
0.0780064
0.0690811
0.070939
0.0301869
0.0186246
0.145005
0.0691573
0.0800965
0.0452595
0.0655471
0.109283
0.0885226
0.0599101
0.102468
0.0300763
0.0291537
0.0654108
0.109725
0.0996329
0.0574631
0.155838
0.0432573
0.0320864
0.0684226
0.0432915
0.110868
0.100836
0.0368793
0.062951
0.065581
0.146223
0.149484
0.0496376
0.174687
0.095166
0.0687964
0.0476251
0.144321
0.0702481
0.0960118
0.0309576
0.0908847
0.0124716
0.0337504
0.0988779
0.0828102
0.0865643
0.0867692
0.0579709
0.0499538
0.124953
0.0317552
0.044485
0.0650964
0.146523
0.0757748
0.0794884
0.112857
0.112853
0.0451534
0.0558114
0.0679081
0.115671
0.0756849
0.0641419
0.0692993
0.055107
0.0977557
0.0362859
0.108563
0.152772
0.090396
0.128207
0.0597839
0.0417354
0.141032
0.0447005
0.138066
0.0728825
0.0491739
0.0874279
0.0621723
0.13975
0.131216
0.0397995
0.0472127
0.0665306
0.0932475
0.0843079
0.0659144
0.0200966
0.0815528
0.0782042
0.0916491
0.0317725
0.0807593
0.108491
0.0823374
0.0383017
0.102424
0.0610387
0.186796
0.0238831
0.0534841
0.0548224
0.117107
0.100262
0.075318
0.0740807
0.125261
0.0637437
0.0747531
0.0663237
0.0789663
0.0435264
0.0599599
0.0581991
0.0483727
0.0604815
0.134675
0.143182
0.111439
0.133193
0.0979119
0.0846336
0.0197083
0.0581581
0.0688838
0.14421
0.0176262
0.0800128
0.11062
0.0442691
0.148219
0.109172
0.0855514
0.125779
0.0710477
0.113328
0.0326549
0.0697401
0.0648375
0.150889
0.0672639
0.176227
0.0387467
0.055651
0.146155
0.0332515
0.175858
0.0975419
0.145438
0.128909
0.0409912
0.0314594
0.0615797
0.0368185
0.0974189
0.118525
0.0179129
0.0549846
0.12931
0.0502029
0.0497631
0.10467
0.145407
0.116174
0.176138
0.10501
0.137112
0.0891284
0.0854484
0.124249
0.0214496
0.10283
0.129755
0.0843985
0.0437427
0.215933
0.154345
0.102214
0.0616971
0.0925193
0.0809846
0.106975
0.0806797
0.0603553
0.0915722
0.0487855
0.0609047
0.043426
0.0956795
0.0384085
0.0760335
0.0925387
0.0497831
0.0659046
0.0528849
0.0785128
0.0493969
0.11475
0.221652
0.0969779
0.160578
0.026564
0.0700306
0.0511884
0.14677
0.107752
0.0891746
0.0256709
0.07819
0.0488533
0.0747476
0.157021
0.0461769
0.0371907
0.0573665
0.0490349
0.0507024
0.0885767
0.170785
0.0356201
0.0263481
0.144456
0.0945998
0.151934
0.0509643
0.11737
0.131246
0.068304
0.156934
0.0802694
0.0371421
0.0552886
0.114285
0.0499305
0.0832087
0.0843847
0.0370947
0.119678
0.0644779
0.0521356
0.14267
0.131116
0.044223
0.106202
0.0332031
0.0353908
0.169457
0.149679
0.0230124
0.0792884
0.188844
0.0961954
0.0228056
0.0812073
0.0229547
0.0933342
0.135982
0.066519
0.108382
0.14199
0.0297794
0.0470362
0.0569455
0.15004
0.0388304
0.0890721
0.200264
0.0862159
0.072495
0.146044
0.0288043
0.0387331
0.087745
0.068913
0.105826
0.0472832
0.0423959
0.048832
0.0901533
0.0485845
0.0353249
0.0683169
0.143996
0.103712
0.0354218
0.00557914
0.044335
0.0219827
0.125778
0.106905
0.0106524
0.100358
0.0626758
0.0816942
0.111481
0.138252
0.0922582
0.0690909
0.0470101
0.0321826
0.0273939
0.053731
0.0663432
0.130353
0.129716
0.12819
0.0661058
0.0837386
0.0770514
0.0985234
0.0871483
0.0404828
0.0725875
0.0424752
0.117648
0.0420695
0.0413778
0.0653544
0.049332
0.0723424
0.0526147
0.192879
0.147706
0.0707729
0.0980354
0.0236609
0.0464318
0.0846895
0.00776903
0.110133
0.155804
0.0732144
0.0332212
0.0511245
0.101756
0.0503561
0.0515382
0.0994714
0.0863215
0.0294587
0.0705134
0.0425447
0.0237778
0.215606
0.125961
0.0883228
0.063065
0.0330753
0.0962887
0.0862243
0.0660044
0.0714594
0.0908036
0.0518165
0.0953254
0.096144
0.163222
0.0857951
0.103519
0.141278
0.0204082
0.00860013
0.105728
0.110854
0.0803218
0.0454504
0.0602874
0.0756607
0.0388003
0.0341862
0.0149503
0.12584
0.0841262
0.0700684
0.10331
0.0804357
0.0507401
0.10475
0.0611531
0.0652362
0.063369
0.118796
0.1037
0.0155953
0.0900675
0.048595
0.0276722
0.158587
0.16907
0.0371209
0.0458792
0.05127
0.0241061
0.161786
0.0623045
0.0944829
0.113281
0.0628788
0.060948
0.142335
0.0744714
0.0390646
0.0682783
0.115408
0.0438801
0.0443337
0.012214
0.12917
0.0347845
0.130737
0.120135
0.163678
0.072247
0.0847988
0.0923115
0.0355668
0.0439176
0.0447421
0.0228543
0.126851
0.252421
0.102028
0.0247295
0.109674
0.154419
0.162162
0.0485061
0.0498266
0.0908327
0.0596683
0.100288
0.109599
0.158147
0.0257022
0.0302666
0.0805436
0.0679203
0.0294271
0.121573
0.125503
0.171948
0.0614634
0.00596024
0.0389688
0.0301744
0.0446524
0.12278
0.0546858
0.0477445
0.0480463
0.0967039
0.0114832
0.0210804
0.102644
0.0775509
0.0644933
0.0139078
0.235168
0.141561
0.0897495
0.0744689
0.110572
0.0891875
0.0180308
0.0464536
0.0447585
0.0513767
0.0572498
0.0893268
0.0512333
0.119927
0.0874401
0.102033
0.0728333
0.112583
0.00989466
0.0260713
0.084989
0.0699795
0.0437216
0.0499725
0.0714377
0.0861126
0.0712031
0.0613476
0.0682069
0.0487021
0.0358177
0.106841
0.0466839
0.0438462
0.0750881
0.0472533
0.107329
0.0606389
0.0704583
0.0257052
0.026246
0.0589105
0.0560805
0.0214429
0.0936761
0.0754022
0.02958
0.0492412
0.0368551
0.0599388
0.0459466
0.0782
0.122085
0.102945
0.0869587
0.132756
0.0551396
0.0401326
0.0794273
0.0886034
0.0774548
0.126767
0.0626395
0.0689057
0.0478542
0.0822597
0.0589658
0.0444594
0.0566865
0.122188
0.038706
0.0292537
0.134664
0.0424001
0.0810644
0.0388255
0.0845606
0.11661
0.0483854
0.0313628
0.0280335
0.103469
0.0497562
0.0426995
0.130657
0.102741
0.0767909
0.256234
0.0486021
0.0596009
0.0673659
0.0770839
0.0568167
0.0831359
0.0692148
0.0744745
0.0648689
0.108174
0.0354135
0.126677
0.185446
0.0284202
0.0213978
0.064491
0.0570144
0.119615
0.0734696
0.0679501
0.119386
0.11342
0.0651271
0.0808473
0.11664
0.121969
0.00845988
0.0535603
0.0910126
0.0530832
0.0822264
0.0686983
0.0295289
0.0565268
0.0873588
0.0954924
0.00421594
0.10071
0.166551
0.0483285
0.0802405
0.0842263
0.0755789
0.0479635
0.0201586
0.0179796
0.163517
0.0954194
0.0121873
0.0893709
0.0517026
0.156201
0.0320088
0.138132
0.0695795
0.0427922
0.0637704
0.0457264
0.118504
0.108758
0.042266
0.150217
0.0366812
0.064648
0.0855088
0.0332868
0.0714466
0.0968473
0.0675233
0.0264792
0.0885889
0.0378763
0.0851981
0.0514374
0.0901986
0.0886834
0.28299
0.0155112
0.0723772
0.0361921
0.0803271
0.0736965
0.0681229
0.0771985
0.0325659
0.032181
0.0451864
0.0611603
0.111804
0.0382046
0.0582684
0.082177
0.096296
0.059169
0.123249
0.0616233
0.0209406
0.0433654
0.0979899
0.0789066
0.0771229
0.0454818
0.0625281
0.0914149
0.0479159
0.0787861
0.0962217
0.106077
0.0796498
0.0470063
0.121447
0.119973
0.0980219
0.0413682
0.114793
0.0760804
0.108651
0.0849854
0.0958831
0.109132
0.100522
0.0206845
0.0653178
0.0529269
0.115699
0.0664299
0.067343
0.0340001
0.0636875
0.0128798
0.0338706
0.0717235
0.0499081
0.0472582
0.0139469
0.0404788
0.112526
0.0619689
0.108197
0.0664269
0.0688451
0.156959
0.0502775
0.0556695
0.0292692
0.119993
0.0610387
0.092903
0.115932
0.0786317
0.0548898
0.0565284
0.0978863
0.143492
0.0880268
0.0196928
0.0757946
0.046091
0.0608646
0.0986484
0.0410337
0.09755
0.0915068
0.159101
0.0827584
0.020397
0.0229036
0.0786208
0.0520383
0.155279
0.0359391
0.0604479
0.0245068
0.0547598
0.0895201
0.0839927
0.133025
0.107348
0.0110941
0.0835844
0.0415337
0.0391182
0.0366034
0.0471382
0.0738983
0.0897949
0.07477
0.0194871
0.0657549
0.113307
0.0878006
0.0614615
0.101421
0.0903824
0.135095
0.132063
0.0947141
0.0759144
0.0572367
0.157263
0.127713
0.0550769
0.0276966
0.120121
0.0610856
0.0389127
0.0270612
0.0742451
0.0604229
0.0689221
0.0889307
0.0545573
0.103816
0.0437599
0.0755932
0.113157
0.0334111
0.0886816
0.0196166
0.0219736
0.0169594
0.0815698
0.138123
0.0786825
0.12957
0.0392902
0.082272
0.0528684
0.101834
0.0157309
0.0498202
0.0873415
0.0647127
0.0634582
0.0510417
0.160434
0.0355879
0.0643621
0.171951
0.106712
0.090495
0.0922104
0.0198186
0.0677459
0.072136
0.0477998
0.0822415
0.0661756
0.0422683
0.0474554
0.0520727
0.0734872
0.0431499
0.180925
0.0251573
0.117464
0.0643899
0.0113559
0.057441
0.0263615
0.111649
0.0686579
0.0451037
0.0526242
0.047423
0.0320272
0.0742694
0.0986814
0.0894167
0.0634499
0.0862563
0.112527
0.0781131
0.0105693
0.117463
0.0291684
0.143863
0.0374439
0.0962618
0.0395509
0.0291859
0.0847225
0.0906415
0.106674
0.0591591
0.0408036
0.0334526
0.0733671
0.128831
0.0593876
0.0871131
0.0773973
0.0447437
0.0455504
0.0521005
0.0261792
0.0773157
0.127952
0.0924081
0.0101708
0.0615678
0.0756673
0.11448
0.0743723
0.0381947
0.0564186
0.0837692
0.109676
0.078303
0.0824598
0.0205802
0.0285195
0.0797203
0.027814
0.101376
0.0322973
0.0930681
