0 2.95255
20 0.703461
40 0.843352
60 0.643058
80 1.13622
100 0.518224
120 0.707668
140 0.738906
160 0.704668
180 0.65607
200 0.474063
220 0.745707
240 0.694343
260 0.491049
280 0.650853
300 0.170556
320 0.555376
340 0.508841
360 0.338015
380 0.775514
400 0.534997
420 0.587183
440 0.250357
460 0.5845
480 0.50498
500 0.65204
520 0.274167
540 0.395396
560 0.384372
580 0.16162
600 0.368547
620 0.648581
640 0.232411
660 0.407716
680 0.453216
700 0.229226
720 0.147184
740 0.459079
760 0.431297
780 0.468443
800 0.449336
820 0.255993
840 0.413189
860 0.479573
880 0.199185
900 0.486121
920 0.247633
940 0.507415
960 0.506473
980 0.215024
1000 0.596437
1020 0.452968
1040 0.48781
1060 0.400846
1080 0.25746
1100 0.234887
1120 0.585986
1140 0.264632
1160 0.558466
1180 0.656033
1200 0.506062
1220 0.121846
1240 0.34727
1260 0.322202
1280 0.333946
1300 0.440758
1320 0.20083
1340 0.641443
1360 0.308055
1380 0.579973
1400 0.296592
1420 0.539176
1440 0.403858
1460 0.461809
1480 0.537673
1500 0.341712
1520 0.212631
1540 0.447735
1560 0.313829
1580 0.407348
1600 0.518662
1620 0.445444
1640 0.269528
1660 0.257175
1680 0.258701
1700 0.451289
1720 0.230195
1740 0.359809
1760 0.540089
1780 0.758849
1800 0.280893
1820 0.666531
1840 0.130017
1860 0.34979
1880 0.439918
1900 0.360622
1920 0.358527
1940 0.359525
1960 0.342504
1980 0.52094
2000 0.532963
2020 0.482796
2040 0.404336
2060 0.352929
2080 0.459683
2100 0.506537
2120 0.159148
2140 0.152295
2160 0.296215
2180 0.706496
2200 0.434615
2220 0.67055
2240 0.232241
2260 0.322345
2280 0.403403
2300 0.34858
2320 0.387441
2340 0.416454
2360 0.484581
2380 0.335861
2400 0.290447
2420 0.256946
2440 0.437151
2460 0.578856
2480 0.340391
2500 0.202702
2520 0.423496
2540 0.684231
2560 0.400461
2580 0.420987
2600 0.257883
2620 0.367608
2640 0.337689
2660 0.88287
2680 0.440097
2700 0.393663
2720 0.247752
2740 0.471745
2760 0.462062
2780 0.404713
2800 0.407201
2820 0.212548
2840 0.393487
2860 0.550115
2880 0.481461
2900 0.34478
2920 0.393614
2940 0.362631
2960 0.405281
2980 0.412047
3000 0.154999
3020 0.335231
3040 0.352507
3060 0.279104
3080 0.554748
3100 0.1378
3120 0.477406
3140 0.413059
3160 0.134957
3180 0.372088
3200 0.244616
3220 0.405818
3240 0.371051
3260 0.428828
3280 0.184934
3300 0.466439
3320 0.27847
3340 0.410054
3360 0.410677
3380 0.26438
3400 0.548736
3420 0.267148
3440 0.53155
3460 0.457981
3480 0.239298
3500 0.29873
3520 0.268657
3540 0.342524
3560 0.307254
3580 0.214998
3600 0.387254
3620 0.438905
3640 0.374204
3660 0.449151
3680 0.589906
3700 0.450606
3720 0.345183
3740 0.477449
3760 0.447507
3780 0.372138
3800 0.132577
3820 0.319906
3840 0.280975
3860 0.678319
3880 0.216915
3900 0.178234
3920 0.435597
3940 0.390227
3960 0.261671
3980 0.374006
4000 0.404236
4020 0.381436
4040 0.275188
4060 0.469233
4080 0.570382
4100 0.414764
4120 0.238171
4140 0.163115
4160 0.218272
4180 0.280032
4200 0.384437
4220 0.626025
4240 0.214502
4260 0.593047
4280 0.243133
4300 0.151341
4320 0.173512
4340 0.457188
4360 0.487361
4380 0.365879
4400 0.34595
4420 0.351391
4440 0.351458
4460 0.417894
4480 0.312572
4500 0.649428
4520 0.395681
4540 0.312714
4560 0.198786
4580 0.267435
4600 0.172561
4620 0.255799
4640 0.666205
4660 0.458269
4680 0.320041
4700 0.462945
4720 0.287445
4740 0.243921
4760 0.347592
4780 0.348514
4800 0.409892
4820 0.323621
4840 0.361664
4860 0.250768
4880 0.440219
4900 0.287262
4920 0.319693
4940 0.227888
4960 0.26279
4980 0.519897
5000 0.371484
5020 0.342596
5040 0.651846
5060 0.424939
5080 0.305883
5100 0.361065
5120 0.150264
5140 0.405579
5160 0.255259
5180 0.261607
5200 0.353096
5220 0.271205
5240 0.516494
5260 0.25141
5280 0.230534
5300 0.332012
5320 0.16447
5340 0.661001
5360 0.377461
5380 0.22041
5400 0.209351
5420 0.348341
5440 0.33522
5460 0.251894
5480 0.281566
5500 0.368587
5520 0.421939
5540 0.255781
5560 0.226426
5580 0.426176
5600 0.187388
5620 0.208002
5640 0.207862
5660 0.122546
5680 0.344182
5700 0.399957
5720 0.394456
5740 0.212438
5760 0.50535
5780 0.33374
5800 0.327364
5820 0.246958
5840 0.323067
5860 0.234148
5880 0.139469
5900 0.2724
5920 0.340853
5940 0.29471
5960 0.259494
5980 0.333561
6000 0.252588
6020 0.165854
6040 0.273876
6060 0.291718
6080 0.203911
6100 0.424418
6120 0.334449
6140 0.356423
6160 0.223362
6180 0.376632
6200 0.235332
6220 0.539366
6240 0.307909
6260 0.316205
6280 0.448061
6300 0.3654
6320 0.366948
6340 0.336728
6360 0.403761
6380 0.313499
6400 0.547919
6420 0.454731
6440 0.483992
6460 0.287129
6480 0.200936
6500 0.355786
6520 0.308902
6540 0.379431
6560 0.138019
6580 0.487189
6600 0.273189
6620 0.232257
6640 0.249822
6660 0.37725
6680 0.35697
6700 0.544155
6720 0.259932
6740 0.5175
6760 0.346378
6780 0.12774
6800 0.190735
6820 0.256304
6840 0.335488
6860 0.372347
6880 0.378988
6900 0.140277
6920 0.287537
6940 0.245925
6960 0.382114
6980 0.463284
7000 0.232885
7020 0.248409
7040 0.383764
7060 0.407961
7080 0.313575
7100 0.222985
7120 0.244091
7140 0.0400852
7160 0.224832
7180 0.552774
7200 0.238537
7220 0.213494
7240 0.372636
7260 0.359393
7280 0.315159
7300 0.215499
7320 0.356073
7340 0.294032
7360 0.130555
7380 0.140454
7400 0.33075
7420 0.300574
7440 0.431991
7460 0.141708
7480 0.275025
7500 0.177844
7520 0.297484
7540 0.486604
7560 0.314979
7580 0.402116
7600 0.365843
7620 0.358376
7640 0.135565
7660 0.299392
7680 0.30061
7700 0.323399
7720 0.257468
7740 0.149631
7760 0.439283
7780 0.275651
7800 0.216186
7820 0.378683
7840 0.359344
7860 0.337587
7880 0.232574
7900 0.234603
7920 0.50551
7940 0.233699
7960 0.350536
7980 0.209283
8000 0.294356
8020 0.286409
8040 0.423555
8060 0.283207
8080 0.185285
8100 0.325503
8120 0.257747
8140 0.187374
8160 0.592572
8180 0.221737
8200 0.386769
8220 0.314114
8240 0.166492
8260 0.55655
8280 0.263882
8300 0.287682
8320 0.235442
8340 0.176827
8360 0.421116
8380 0.319431
8400 0.267262
8420 0.0909438
8440 0.265985
8460 0.246895
8480 0.186585
8500 0.325829
8520 0.341121
8540 0.205439
8560 0.32538
8580 0.309303
8600 0.202645
8620 0.29616
8640 0.183697
8660 0.318396
8680 0.614672
8700 0.366423
8720 0.259295
8740 0.165726
8760 0.219615
8780 0.449376
8800 0.270852
8820 0.293257
8840 0.231921
8860 0.359756
8880 0.24566
8900 0.285132
8920 0.509789
8940 0.366158
8960 0.602277
8980 0.425279
9000 0.340233
9020 0.153198
9040 0.373065
9060 0.329347
9080 0.362734
9100 0.252456
9120 0.46786
9140 0.434979
9160 0.391323
9180 0.300793
9200 0.357093
9220 0.321765
9240 0.200699
9260 0.223108
9280 0.298613
9300 0.173625
9320 0.0929121
9340 0.250139
9360 0.227198
9380 0.401055
9400 0.313979
9420 0.328078
9440 0.416788
9460 0.38321
9480 0.406732
9500 0.458906
9520 0.413082
9540 0.159433
9560 0.284513
9580 0.294685
9600 0.174413
9620 0.134073
9640 0.340462
9660 0.317775
9680 0.27474
9700 0.204699
9720 0.349366
9740 0.426056
9760 0.251794
9780 0.370873
9800 0.252812
9820 0.839109
9840 0.410569
9860 0.209639
9880 0.149067
9900 0.223992
9920 0.318388
9940 0.172695
9960 0.290684
9980 0.357143
10000 0.393231
10020 0.31782
10040 0.321348
10060 0.274948
10080 0.208011
10100 0.31877
10120 0.132787
10140 0.236631
10160 0.327395
10180 0.55977
10200 0.213384
10220 0.332081
10240 0.429119
10260 0.395267
10280 0.343407
10300 0.339771
10320 0.186214
10340 0.329986
10360 0.283515
10380 0.298594
10400 0.373748
10420 0.200149
10440 0.306979
10460 0.222673
10480 0.307956
10500 0.356714
10520 0.61967
10540 0.176118
10560 0.239637
10580 0.32146
10600 0.228139
10620 0.349009
10640 0.24483
10660 0.203083
10680 0.219256
10700 0.397242
10720 0.485499
10740 0.227211
10760 0.626684
10780 0.26441
10800 0.253923
10820 0.41554
10840 0.263677
10860 0.264142
10880 0.196423
10900 0.310107
10920 0.339321
10940 0.247238
10960 0.243739
10980 0.438707
11000 0.251097
11020 0.505468
11040 0.400658
11060 0.0856255
11080 0.167007
11100 0.561457
11120 0.471708
11140 0.331477
11160 0.247304
11180 0.169849
11200 0.343013
11220 0.253237
11240 0.445465
11260 0.387349
11280 0.340672
11300 0.252364
11320 0.302485
11340 0.399311
11360 0.372851
11380 0.238106
11400 0.409959
11420 0.269623
11440 0.290664
11460 0.145428
11480 0.225855
11500 0.20658
11520 0.345984
11540 0.273786
11560 0.267526
11580 0.179969
11600 0.315503
11620 0.458443
11640 0.164397
11660 0.180151
11680 0.292709
11700 0.488363
11720 0.383615
11740 0.243967
11760 0.295717
11780 0.25856
11800 0.44037
11820 0.330205
11840 0.271781
11860 0.345597
11880 0.26965
11900 0.260554
11920 0.606867
11940 0.304534
11960 0.313652
11980 0.256342
12000 0.322966
12020 0.261798
12040 0.323777
12060 0.298194
12080 0.301336
12100 0.348972
12120 0.222901
12140 0.381052
12160 0.281446
12180 0.431429
12200 0.35959
12220 0.155029
12240 0.177796
12260 0.249176
12280 0.388232
12300 0.40838
12320 0.268314
12340 0.412034
12360 0.42619
12380 0.354282
12400 0.42986
12420 0.209037
12440 0.291942
12460 0.598316
12480 0.21715
12500 0.22961
12520 0.116341
12540 0.244366
12560 0.310757
12580 0.310758
12600 0.177235
12620 0.0572837
12640 0.35657
12660 0.268406
12680 0.247124
12700 0.162626
12720 0.225465
12740 0.277597
12760 0.309143
12780 0.282901
12800 0.0641036
12820 0.244811
12840 0.394543
12860 0.300339
12880 0.408666
12900 0.114254
12920 0.13526
12940 0.0828506
12960 0.244867
12980 0.190085
13000 0.381039
13020 0.358896
13040 0.268221
13060 0.385176
13080 0.2579
13100 0.0976119
13120 0.402262
13140 0.365615
13160 0.115866
13180 0.255235
13200 0.173935
13220 0.305488
13240 0.322102
13260 0.220876
13280 0.628695
13300 0.197102
13320 0.394522
13340 0.254202
13360 0.287398
13380 0.319447
13400 0.422872
13420 0.293574
13440 0.277582
13460 0.342045
13480 0.177424
13500 0.307811
13520 0.28129
13540 0.303904
13560 0.576127
13580 0.393233
13600 0.216123
13620 0.147609
13640 0.270328
13660 0.141243
13680 0.340088
13700 0.460307
13720 0.274663
13740 0.370499
13760 0.29454
13780 0.35639
13800 0.161615
13820 0.257579
13840 0.31659
13860 0.388297
13880 0.21079
13900 0.301776
13920 0.197256
13940 0.298494
13960 0.291847
13980 0.191332
14000 0.411771
14020 0.132008
14040 0.266372
14060 0.200792
14080 0.305546
14100 0.232183
14120 0.291695
14140 0.253739
14160 0.429687
14180 0.146908
14200 0.26745
14220 0.453961
14240 0.231371
14260 0.226498
14280 0.233089
14300 0.258677
14320 0.290726
14340 0.23611
14360 0.266522
14380 0.157286
14400 0.164947
14420 0.280098
14440 0.224892
14460 0.203943
14480 0.234687
14500 0.161452
14520 0.286697
14540 0.169841
14560 0.288597
14580 0.423774
14600 0.24234
14620 0.113703
14640 0.231047
14660 0.256918
14680 0.147001
14700 0.364627
14720 0.134775
14740 0.186425
14760 0.303894
14780 0.24975
14800 0.319244
14820 0.388523
14840 0.162515
14860 0.165726
14880 0.308758
14900 0.275042
14920 0.162064
14940 0.217653
14960 0.198867
14980 0.128544
15000 0.326144
15020 0.26044
15040 0.184781
15060 0.307481
15080 0.224813
15100 0.354513
15120 0.299709
15140 0.321355
15160 0.238384
15180 0.287781
15200 0.139569
15220 0.354211
15240 0.26501
15260 0.28021
15280 0.222907
15300 0.243738
15320 0.164445
15340 0.146251
15360 0.416612
15380 0.390222
15400 0.231377
15420 0.440146
15440 0.258277
15460 0.374949
15480 0.273444
15500 0.337383
15520 0.342974
15540 0.464313
15560 0.296363
15580 0.166316
15600 0.166137
15620 0.344323
15640 0.329055
15660 0.285061
15680 0.357647
15700 0.251189
15720 0.199148
15740 0.274984
15760 0.192503
15780 0.219675
15800 0.318851
15820 0.235717
15840 0.350671
15860 0.286368
15880 0.177554
15900 0.347324
15920 0.227575
15940 0.153519
15960 0.282692
15980 0.203642
16000 0.271607
16020 0.407364
16040 0.173328
16060 0.293658
16080 0.3725
16100 0.214009
16120 0.211593
16140 0.324714
16160 0.190221
16180 0.331748
16200 0.449853
16220 0.370862
16240 0.166168
16260 0.340099
16280 0.318333
16300 0.140491
16320 0.288612
16340 0.366698
16360 0.198327
16380 0.241791
16400 0.234756
16420 0.234593
16440 0.065755
16460 0.325163
16480 0.355807
16500 0.328193
16520 0.144009
16540 0.181671
16560 0.300022
16580 0.226642
16600 0.25046
16620 0.369789
16640 0.297744
16660 0.199165
16680 0.384498
16700 0.221068
16720 0.17907
16740 0.342071
16760 0.228617
16780 0.347766
16800 0.416674
16820 0.104962
16840 0.373436
16860 0.407873
16880 0.162524
16900 0.271653
16920 0.286602
16940 0.251264
16960 0.112664
16980 0.311337
17000 0.178525
17020 0.268789
17040 0.299109
17060 0.419325
17080 0.389657
17100 0.519644
17120 0.208372
17140 0.195456
17160 0.244624
17180 0.139575
17200 0.238497
17220 0.231599
17240 0.130632
17260 0.265788
17280 0.310664
17300 0.223831
17320 0.2697
17340 0.319386
17360 0.203244
17380 0.301948
17400 0.256107
17420 0.422624
17440 0.227227
17460 0.299504
17480 0.168916
17500 0.316932
17520 0.459183
17540 0.259416
17560 0.241283
17580 0.26661
17600 0.234332
17620 0.253246
17640 0.171618
17660 0.226374
17680 0.357563
17700 0.381807
17720 0.342582
17740 0.172237
17760 0.247507
17780 0.247095
17800 0.370701
17820 0.255566
17840 0.298976
17860 0.100962
17880 0.18382
17900 0.218042
17920 0.330193
17940 0.322616
17960 0.232505
17980 0.142633
18000 0.305231
18020 0.193819
18040 0.229181
18060 0.494787
18080 0.197316
18100 0.134616
18120 0.242965
18140 0.227034
18160 0.443852
18180 0.236696
18200 0.13678
18220 0.439572
18240 0.32626
18260 0.321955
18280 0.341466
18300 0.447569
18320 0.119875
18340 0.346294
18360 0.413235
18380 0.355056
18400 0.121247
18420 0.452155
18440 0.234833
18460 0.22486
18480 0.233674
18500 0.235849
18520 0.44591
18540 0.312734
18560 0.242856
18580 0.262692
18600 0.372395
18620 0.211682
18640 0.165076
18660 0.214563
18680 0.147146
18700 0.175647
18720 0.168623
18740 0.215981
18760 0.136207
18780 0.297728
18800 0.316432
18820 0.257091
18840 0.251598
18860 0.46247
18880 0.060019
18900 0.15501
18920 0.222126
18940 0.178432
18960 0.371611
18980 0.189177
19000 0.222966
19020 0.250343
19040 0.304799
19060 0.164187
19080 0.0859505
19100 0.341183
19120 0.279223
19140 0.196197
19160 0.209171
19180 0.114362
19200 0.144377
19220 0.281289
19240 0.182319
19260 0.323849
19280 0.243826
19300 0.236256
19320 0.244002
19340 0.226211
19360 0.251149
19380 0.184813
19400 0.320853
19420 0.0408234
19440 0.380398
19460 0.404973
19480 0.183512
19500 0.112575
19520 0.262227
19540 0.274142
19560 0.0890958
19580 0.223852
19600 0.290793
19620 0.279468
19640 0.312717
19660 0.220811
19680 0.203804
19700 0.364379
19720 0.196295
19740 0.285566
19760 0.27834
19780 0.416805
19800 0.185455
19820 0.290573
19840 0.205173
19860 0.265744
19880 0.303598
19900 0.220923
19920 0.177768
19940 0.229657
19960 0.47417
19980 0.29472
20000 0.353813
20020 0.336962
20040 0.0945004
20060 0.205843
20080 0.27028
20100 0.252952
20120 0.304663
20140 0.168297
20160 0.363454
20180 0.32425
20200 0.249379
20220 0.121719
20240 0.154073
20260 0.187714
20280 0.168579
20300 0.215718
20320 0.212964
20340 0.320733
20360 0.320758
20380 0.349339
20400 0.280104
20420 0.529424
20440 0.156807
20460 0.302627
20480 0.296715
20500 0.262215
20520 0.287327
20540 0.291951
20560 0.137491
20580 0.437583
20600 0.213126
20620 0.191368
20640 0.237908
20660 0.405896
20680 0.168676
20700 0.273744
20720 0.252359
20740 0.0987475
20760 0.393783
20780 0.384299
20800 0.270168
20820 0.199704
20840 0.276588
20860 0.247503
20880 0.187644
20900 0.383787
20920 0.209716
20940 0.20274
20960 0.123061
20980 0.238051
21000 0.14952
21020 0.152419
21040 0.315123
21060 0.399295
21080 0.279148
21100 0.24768
21120 0.306402
21140 0.227221
21160 0.39681
21180 0.52049
21200 0.15152
21220 0.416421
21240 0.269053
21260 0.292911
21280 0.190292
21300 0.20848
21320 0.287289
21340 0.298059
21360 0.220628
21380 0.335838
21400 0.19234
21420 0.15944
21440 0.224333
21460 0.445665
21480 0.124342
21500 0.211857
21520 0.101883
21540 0.160742
21560 0.169539
21580 0.424745
21600 0.140274
21620 0.25527
21640 0.296006
21660 0.211881
21680 0.330597
21700 0.228852
21720 0.260665
21740 0.419971
21760 0.26376
21780 0.331482
21800 0.193409
21820 0.239341
21840 0.181035
21860 0.436802
21880 0.20392
21900 0.325229
21920 0.284177
21940 0.247309
21960 0.417497
21980 0.190024
22000 0.228659
22020 0.143233
22040 0.231788
22060 0.310824
22080 0.140284
22100 0.251434
22120 0.346673
22140 0.279665
22160 0.177616
22180 0.240317
22200 0.326854
22220 0.274207
22240 0.451434
22260 0.198728
22280 0.235344
22300 0.340536
22320 0.301474
22340 0.379349
22360 0.310587
22380 0.337205
22400 0.155793
22420 0.338318
22440 0.4579
22460 0.35499
22480 0.199207
22500 0.30641
22520 0.234823
22540 0.21159
22560 0.464288
22580 0.332053
22600 0.226208
22620 0.266214
22640 0.187243
22660 0.238588
22680 0.365271
22700 0.258327
22720 0.20771
22740 0.175396
22760 0.160206
22780 0.0834147
22800 0.396639
22820 0.324494
22840 0.231959
22860 0.126404
22880 0.18984
22900 0.213013
22920 0.16471
22940 0.247869
22960 0.213461
22980 0.181296
23000 0.119164
23020 0.18368
23040 0.27055
23060 0.236597
23080 0.235105
23100 0.304367
23120 0.141713
23140 0.115155
23160 0.340158
23180 0.323562
23200 0.397294
23220 0.260984
23240 0.282094
23260 0.26938
23280 0.377173
23300 0.312074
23320 0.258444
23340 0.303043
23360 0.31638
23380 0.305192
23400 0.175834
23420 0.278585
23440 0.290411
23460 0.30056
23480 0.233375
23500 0.268987
23520 0.205311
23540 0.134061
23560 0.195752
23580 0.334788
23600 0.361911
23620 0.35439
23640 0.267616
23660 0.270432
23680 0.165387
23700 0.517172
23720 0.176063
23740 0.200267
23760 0.138182
23780 0.380912
23800 0.259114
23820 0.30837
23840 0.454875
23860 0.179894
23880 0.190952
23900 0.31584
23920 0.215218
23940 0.282111
23960 0.220066
23980 0.341923
24000 0.282775
24020 0.192187
24040 0.390063
24060 0.247041
24080 0.295605
24100 0.299501
24120 0.231301
24140 0.318873
24160 0.239484
24180 0.152108
24200 0.356807
24220 0.21362
24240 0.342989
24260 0.137373
24280 0.218304
24300 0.2807
24320 0.159938
24340 0.3563
24360 0.269548
24380 0.159298
24400 0.212823
24420 0.251731
24440 0.246468
24460 0.19686
24480 0.161845
24500 0.161077
24520 0.192653
24540 0.362788
24560 0.230691
24580 0.244672
24600 0.223188
24620 0.346497
24640 0.371505
24660 0.142994
24680 0.394232
24700 0.161395
24720 0.435341
24740 0.125674
24760 0.135777
24780 0.165265
24800 0.405098
24820 0.363474
24840 0.15755
24860 0.321732
24880 0.51508
24900 0.262299
24920 0.202524
24940 0.230677
24960 0.207845
24980 0.317253
25000 0.274183
25020 0.244018
25040 0.139961
25060 0.205078
25080 0.291161
25100 0.3371
25120 0.257525
25140 0.362183
25160 0.242665
25180 0.177546
25200 0.225146
25220 0.319913
25240 0.161984
25260 0.296247
25280 0.171652
25300 0.337305
25320 0.283927
25340 0.0867913
25360 0.342352
25380 0.326743
25400 0.224873
25420 0.201197
25440 0.255058
25460 0.367259
25480 0.159398
25500 0.269531
25520 0.143989
25540 0.230376
25560 0.177269
25580 0.387536
25600 0.117376
25620 0.149775
25640 0.336354
25660 0.18478
25680 0.338341
25700 0.232152
25720 0.310011
25740 0.284599
25760 0.0800315
25780 0.191334
25800 0.177315
25820 0.160023
25840 0.326461
25860 0.300704
25880 0.153474
25900 0.273798
25920 0.295177
25940 0.179847
25960 0.158394
25980 0.332983
26000 0.251246
26020 0.371875
26040 0.353058
26060 0.271299
26080 0.333056
26100 0.194589
26120 0.314948
26140 0.355895
26160 0.0998432
26180 0.331872
26200 0.265512
26220 0.34672
26240 0.191179
26260 0.360174
26280 0.286549
26300 0.18297
26320 0.295344
26340 0.150615
26360 0.170195
26380 0.357325
26400 0.294829
26420 0.155628
26440 0.28076
26460 0.317922
26480 0.176038
26500 0.185183
26520 0.499754
26540 0.307133
26560 0.3031
26580 0.280777
26600 0.422982
26620 0.199505
26640 0.205179
26660 0.264372
26680 0.166781
26700 0.225454
26720 0.388965
26740 0.250451
26760 0.318249
26780 0.155151
26800 0.299453
26820 0.204336
26840 0.337529
26860 0.28163
26880 0.400338
26900 0.174031
26920 0.223703
26940 0.184431
26960 0.230351
26980 0.29911
27000 0.165111
27020 0.198651
27040 0.192952
27060 0.21557
27080 0.240613
27100 0.236034
27120 0.366125
27140 0.197481
27160 0.247257
27180 0.3075
27200 0.286854
27220 0.424579
27240 0.169644
27260 0.29675
27280 0.260866
27300 0.17256
27320 0.493643
27340 0.350104
27360 0.127587
27380 0.257236
27400 0.257223
27420 0.204622
27440 0.260726
27460 0.329146
27480 0.193321
27500 0.318408
27520 0.283898
27540 0.315371
27560 0.296192
27580 0.293197
27600 0.191829
27620 0.214038
27640 0.199452
27660 0.102168
27680 0.49123
27700 0.370118
27720 0.176698
27740 0.266637
27760 0.461511
27780 0.262532
27800 0.209606
27820 0.258902
27840 0.140381
27860 0.28144
27880 0.200877
27900 0.129202
27920 0.379463
27940 0.281367
27960 0.198426
27980 0.129507
28000 0.318368
28020 0.332316
28040 0.177174
28060 0.172419
28080 0.407269
28100 0.200998
28120 0.283967
28140 0.335067
28160 0.141407
28180 0.101611
28200 0.191492
28220 0.294758
28240 0.388522
28260 0.124745
28280 0.0794204
28300 0.205162
28320 0.250829
28340 0.0903628
28360 0.233808
28380 0.175113
28400 0.388489
28420 0.240561
28440 0.201743
28460 0.114931
28480 0.194114
28500 0.122983
28520 0.304584
28540 0.368491
28560 0.20152
28580 0.231134
28600 0.106833
28620 0.232071
28640 0.212462
28660 0.419069
28680 0.222584
28700 0.33531
28720 0.154504
28740 0.155567
28760 0.276595
28780 0.191264
28800 0.17796
28820 0.383497
28840 0.383885
28860 0.404446
28880 0.21028
28900 0.170579
28920 0.10735
28940 0.198374
28960 0.187597
28980 0.115077
29000 0.278844
29020 0.211759
29040 0.224138
29060 0.142749
29080 0.172924
29100 0.230376
29120 0.185584
29140 0.19605
29160 0.194813
29180 0.404831
29200 0.227349
29220 0.0901129
29240 0.225412
29260 0.18675
29280 0.165377
29300 0.308095
29320 0.138921
29340 0.25003
29360 0.293191
29380 0.274958
29400 0.155401
29420 0.192607
29440 0.230359
29460 0.272989
29480 0.153464
29500 0.204154
29520 0.205884
29540 0.117534
29560 0.231019
29580 0.0861376
29600 0.159163
29620 0.370731
29640 0.429891
29660 0.279137
29680 0.137447
29700 0.154384
29720 0.170639
29740 0.419375
29760 0.269686
29780 0.269078
29800 0.263055
29820 0.157974
29840 0.418411
29860 0.247388
29880 0.356427
29900 0.257692
29920 0.253306
29940 0.333115
29960 0.103188
29980 0.205356
30000 0.231345
30020 0.462922
30040 0.25752
30060 0.21664
30080 0.240393
30100 0.237711
30120 0.28131
30140 0.260966
30160 0.133288
30180 0.336688
30200 0.288811
30220 0.261238
30240 0.206096
30260 0.224095
30280 0.198675
30300 0.218248
30320 0.119237
30340 0.196479
30360 0.272765
30380 0.334849
30400 0.353569
30420 0.172508
30440 0.253381
30460 0.204176
30480 0.138251
30500 0.273846
30520 0.261064
30540 0.168237
30560 0.233386
30580 0.145205
30600 0.138047
30620 0.303255
30640 0.258482
30660 0.122137
30680 0.27923
30700 0.190981
30720 0.338676
30740 0.537483
30760 0.245844
30780 0.193636
30800 0.20918
30820 0.255077
30840 0.0915175
30860 0.187563
30880 0.0945559
30900 0.253126
30920 0.220189
30940 0.333689
30960 0.316268
30980 0.348675
31000 0.153233
31020 0.294292
31040 0.410061
31060 0.196488
31080 0.151158
31100 0.176621
31120 0.199096
31140 0.372652
31160 0.559549
31180 0.251583
31200 0.125239
31220 0.247588
31240 0.434878
31260 0.284771
31280 0.156679
31300 0.159095
31320 0.172321
31340 0.178829
31360 0.296924
31380 0.206076
31400 0.440188
31420 0.189406
31440 0.106908
31460 0.381252
31480 0.308637
31500 0.299416
31520 0.388591
31540 0.301386
31560 0.358277
31580 0.290855
31600 0.0838048
31620 0.206814
31640 0.155339
31660 0.17183
31680 0.308524
31700 0.172265
31720 0.125888
31740 0.144817
31760 0.187824
31780 0.101316
31800 0.142421
31820 0.261183
31840 0.339035
31860 0.21295
31880 0.139292
31900 0.440372
31920 0.320599
31940 0.165352
31960 0.22813
31980 0.260619
32000 0.188709
32020 0.10181
32040 0.186012
32060 0.19673
32080 0.250915
32100 0.300789
32120 0.236141
32140 0.174682
32160 0.241972
32180 0.178955
32200 0.235633
32220 0.236262
32240 0.321851
32260 0.0543568
32280 0.176745
32300 0.25353
32320 0.173325
32340 0.176205
32360 0.228227
32380 0.198407
32400 0.215126
32420 0.200082
32440 0.25603
32460 0.192681
32480 0.169239
32500 0.133961
32520 0.151888
32540 0.355547
32560 0.0892042
32580 0.238206
32600 0.102652
32620 0.153401
32640 0.264419
32660 0.195776
32680 0.273546
32700 0.0917476
32720 0.176809
32740 0.145492
32760 0.103218
32780 0.378067
32800 0.239442
32820 0.206644
32840 0.148537
32860 0.0790707
32880 0.210273
32900 0.185161
32920 0.237268
32940 0.274865
32960 0.359984
32980 0.277856
33000 0.240506
33020 0.282816
33040 0.216854
33060 0.296718
33080 0.316279
33100 0.19089
33120 0.284
33140 0.184882
33160 0.13986
33180 0.162377
33200 0.244532
33220 0.193701
33240 0.163734
33260 0.189205
33280 0.380234
33300 0.138361
33320 0.234366
33340 0.401023
33360 0.18819
33380 0.213909
33400 0.0946724
33420 0.266287
33440 0.245501
33460 0.192161
33480 0.210858
33500 0.149929
33520 0.187948
33540 0.339199
33560 0.184894
33580 0.319543
33600 0.196312
33620 0.217704
33640 0.413674
33660 0.108379
33680 0.160957
33700 0.366997
33720 0.186636
33740 0.404744
33760 0.262875
33780 0.279435
33800 0.115676
33820 0.311208
33840 0.209686
33860 0.0676697
33880 0.235719
33900 0.447659
33920 0.181168
33940 0.208283
33960 0.0992352
33980 0.231464
34000 0.337907
34020 0.232191
34040 0.302013
34060 0.342396
34080 0.332687
34100 0.247648
34120 0.268937
34140 0.310156
34160 0.344142
34180 0.138863
34200 0.121927
34220 0.224325
34240 0.157142
34260 0.258685
34280 0.366707
34300 0.192816
34320 0.233395
34340 0.265686
34360 0.201923
34380 0.055529
34400 0.176208
34420 0.425341
34440 0.228826
34460 0.26963
34480 0.285039
34500 0.204556
34520 0.257966
34540 0.111124
34560 0.0407994
34580 0.314645
34600 0.193852
34620 0.0139231
34640 0.240021
34660 0.0916444
34680 0.480127
34700 0.153976
34720 0.312923
34740 0.231032
34760 0.305151
34780 0.173607
34800 0.111994
34820 0.274751
34840 0.302192
34860 0.18186
34880 0.298493
34900 0.309389
34920 0.259957
34940 0.421761
34960 0.158618
34980 0.197805
35000 0.30883
35020 0.12426
35040 0.0654164
35060 0.209999
35080 0.259537
35100 0.236079
35120 0.227101
35140 0.185159
35160 0.382192
35180 0.600508
35200 0.177355
35220 0.275252
35240 0.155544
35260 0.211413
35280 0.402049
35300 0.132396
35320 0.296469
35340 0.178701
35360 0.108134
35380 0.131867
35400 0.150616
35420 0.384214
35440 0.166637
35460 0.181168
35480 0.161889
35500 0.205231
35520 0.259395
35540 0.281139
35560 0.28947
35580 0.229113
35600 0.128677
35620 0.330603
35640 0.26033
35660 0.354861
35680 0.197107
35700 0.194412
35720 0.445578
35740 0.176639
35760 0.265415
35780 0.220339
35800 0.431426
35820 0.298886
35840 0.211782
35860 0.232436
35880 0.210118
35900 0.316859
35920 0.128506
35940 0.179609
35960 0.302279
35980 0.391367
36000 0.200957
36020 0.262113
36040 0.19986
36060 0.335995
36080 0.0587154
36100 0.243077
36120 0.198352
36140 0.26983
36160 0.176207
36180 0.348484
36200 0.175793
36220 0.175649
36240 0.266744
36260 0.13076
36280 0.366234
36300 0.193497
36320 0.162681
36340 0.277123
36360 0.247627
36380 0.267889
36400 0.157781
36420 0.295991
36440 0.221083
36460 0.187775
36480 0.255738
36500 0.2789
36520 0.282119
36540 0.157122
36560 0.254652
36580 0.280041
36600 0.237961
36620 0.211606
36640 0.175559
36660 0.124125
36680 0.198278
36700 0.297951
36720 0.379695
36740 0.215264
36760 0.170776
36780 0.253064
36800 0.331672
36820 0.195322
36840 0.221538
36860 0.188656
36880 0.262712
36900 0.277764
36920 0.280275
36940 0.339053
36960 0.164539
36980 0.164025
37000 0.193603
37020 0.174883
37040 0.331506
37060 0.160028
37080 0.130711
37100 0.209302
37120 0.239348
37140 0.376757
37160 0.350373
37180 0.271061
37200 0.366853
37220 0.117972
37240 0.216422
37260 0.151377
37280 0.296658
37300 0.238465
37320 0.270583
37340 0.348061
37360 0.269033
37380 0.276167
37400 0.161764
37420 0.283046
37440 0.232818
37460 0.311382
37480 0.30201
37500 0.253396
37520 0.206312
37540 0.459131
37560 0.232978
37580 0.198159
37600 0.22081
37620 0.269451
37640 0.361627
37660 0.413924
37680 0.176734
37700 0.0756311
37720 0.442119
37740 0.209233
37760 0.216621
37780 0.164344
37800 0.295445
37820 0.157959
37840 0.105027
37860 0.263777
37880 0.210711
37900 0.309356
37920 0.155889
37940 0.155919
37960 0.270303
37980 0.107331
38000 0.207955
38020 0.191764
38040 0.0781812
38060 0.182284
38080 0.356474
38100 0.328078
38120 0.363997
38140 0.309404
38160 0.228659
38180 0.248334
38200 0.16525
38220 0.429042
38240 0.186972
38260 0.0769448
38280 0.206357
38300 0.210647
38320 0.217019
38340 0.11555
38360 0.366734
38380 0.160902
38400 0.162533
38420 0.468268
38440 0.332851
38460 0.148694
38480 0.224185
38500 0.136822
38520 0.281458
38540 0.156534
38560 0.18595
38580 0.195353
38600 0.212435
38620 0.17853
38640 0.328251
38660 0.144531
38680 0.15332
38700 0.138156
38720 0.295262
38740 0.249926
38760 0.272362
38780 0.202181
38800 0.0809477
38820 0.135826
38840 0.108676
38860 0.354803
38880 0.197948
38900 0.0715848
38920 0.171267
38940 0.152557
38960 0.177501
38980 0.292187
39000 0.270782
39020 0.204863
39040 0.22649
39060 0.325049
39080 0.263447
39100 0.224512
39120 0.115435
39140 0.281704
39160 0.168071
39180 0.380383
39200 0.172959
39220 0.213823
39240 0.145309
39260 0.199819
39280 0.201559
39300 0.312268
39320 0.315527
39340 0.148587
39360 0.150124
39380 0.198449
39400 0.17306
39420 0.199934
39440 0.216251
39460 0.26051
39480 0.295435
39500 0.196715
39520 0.358171
39540 0.136745
39560 0.271498
39580 0.199515
39600 0.305034
39620 0.180802
39640 0.0802694
39660 0.375215
39680 0.299896
39700 0.394429
39720 0.33447
39740 0.157284
39760 0.193955
39780 0.296383
39800 0.272908
39820 0.332481
39840 0.237457
39860 0.27154
39880 0.119318
39900 0.319395
39920 0.141918
39940 0.210609
39960 0.234111
39980 0.223716
