0.194063
0.114023
0.0982413
0.117715
0.0696557
0.218034
0.121795
0.179268
0.120938
0.127952
0.0864847
0.11205
0.0626363
0.117312
0.0571017
0.113239
0.119994
0.0860255
0.0383178
0.164287
0.0788041
0.0652608
0.0745051
0.110238
0.0783103
0.103654
0.0549215
0.0510111
0.100753
0.0604309
0.035422
0.0456463
0.0681011
0.0351559
0.0679611
0.0588399
0.0277153
0.114366
0.0464338
0.114831
0.0539361
0.111212
0.0420364
0.0506839
0.0256321
0.0664392
0.0825528
0.0837491
0.112735
0.0834427
0.102026
0.070034
0.0500646
0.0994799
0.0301431
0.0913211
0.0884577
0.0553321
0.114153
0.169859
0.0679727
0.0112669
0.108422
0.0293999
0.0550964
0.0552649
0.131963
0.133883
0.0794975
0.109047
0.0975096
0.127961
0.117514
0.0414065
0.105906
0.0808666
0.0521153
0.160204
0.0621115
0.0595903
0.0717744
0.0250246
0.0727868
0.120937
0.0752473
0.158355
0.0416989
0.0430054
0.0820399
0.0910731
0.0416295
0.166685
0.0697618
0.127197
0.0894057
0.0984643
0.0331839
0.104801
0.0368451
0.0628824
0.0903193
0.0529372
0.0666419
0.0471986
0.0867387
0.0450355
0.080177
0.0478267
0.0546245
0.147271
0.0742781
0.0616594
0.0205923
0.114467
0.0723038
0.0415127
0.0319153
0.106981
0.0974232
0.103275
0.0572395
0.087593
0.080489
0.124633
0.0579838
0.069983
0.0770949
0.0614027
0.091977
0.0887694
0.101409
0.129231
0.0674223
0.0800675
0.0807112
0.153268
0.057888
0.0694571
0.108921
0.0603889
0.136129
0.0818013
0.0412329
0.0218714
0.0901421
0.0949037
0.0904993
0.0380811
0.113202
0.0534523
0.0354308
0.132507
0.0577868
0.025655
0.0607026
0.0584571
0.0812389
0.0897622
0.0455734
0.107584
0.0992594
0.0433115
0.0482264
0.0731679
0.0515459
0.0460807
0.045779
0.111149
0.199776
0.0747513
0.0773235
0.0929764
0.154823
0.119022
0.0656307
0.0803766
0.125739
0.0876596
0.0557894
0.0716261
0.132596
0.0872397
0.0745759
0.111349
0.0801415
0.0656772
0.122939
0.0734011
0.0586936
0.0924737
0.0631949
0.0903146
0.0766293
0.133822
0.079472
0.0502909
0.0744386
0.0893855
0.172402
0.0665259
0.0863237
0.059682
0.151722
0.13675
0.0983055
0.0237106
0.071026
0.0419787
0.0596695
0.0689705
0.157707
0.160781
0.0378681
0.048618
0.0623505
0.0737388
0.0255581
0.0896231
0.133315
0.0884999
0.0837228
0.0376417
0.0439354
0.0868389
0.0395542
0.0603809
0.0250482
0.0922892
0.0645695
0.0763823
0.0276431
0.0764735
0.115901
0.147719
0.0660283
0.10935
0.0966137
0.109666
0.114692
0.0801209
0.197302
0.0326743
0.0650403
0.0995729
0.0762284
0.0715337
0.0532821
0.0781486
0.0826332
0.088665
0.0615651
0.0707036
0.0325765
0.097842
0.0484486
0.125062
0.0526118
0.0901229
0.0508842
0.127466
0.109312
0.10378
0.0697159
0.136796
0.0719768
0.18238
0.0256244
0.131573
0.0948377
0.06434
0.119228
0.15691
0.101278
0.0380692
0.0602932
0.0486319
0.131915
0.141094
0.0877163
0.109444
0.0685953
0.0885695
0.0790238
0.0369201
0.0568723
0.0683225
0.0542012
0.0215745
0.117368
0.0317781
0.0608975
0.0840326
0.0606374
0.11483
0.0306704
0.109371
0.213281
0.0972446
0.0906899
0.0826045
0.0865452
0.0601798
0.039234
0.173559
0.00371185
0.12628
0.0870948
0.0747737
0.140149
0.0502207
0.0611479
0.087162
0.0954151
0.119501
0.0832624
0.0491971
0.115285
0.096467
0.0955136
0.12625
0.112902
0.163172
0.0454826
0.0639904
0.135421
0.133171
0.125623
0.0678592
0.0288416
0.0824842
0.0649729
0.115271
0.0602223
0.0893214
0.0973119
0.140328
0.0607385
0.0395474
0.0492968
0.14562
0.045665
0.102039
0.055321
0.135369
0.0682539
0.0628609
0.0425162
0.0266651
0.123487
0.0922353
0.132023
0.054402
0.0647391
0.0729861
0.0349544
0.03109
0.0427449
0.0810764
0.135946
0.0775039
0.066581
0.077308
0.0726214
0.0711262
0.0979766
0.0254037
0.0430833
0.0669836
0.040751
0.0615384
0.122948
0.0613709
0.0416577
0.0455622
0.0619848
0.0648351
0.0950423
0.103971
0.0711644
0.0368132
0.101868
0.0787282
0.0487106
0.023377
0.118482
0.109967
0.0873449
0.0543021
0.067468
0.0492049
0.0385708
0.0792212
0.0761419
0.122005
0.113738
0.0746124
0.160578
0.0665299
0.0647729
0.0432219
0.0895133
0.0290577
0.194871
0.122662
0.0702143
0.00554051
0.0800171
0.0811645
0.123335
0.070393
0.0637504
0.0646669
0.0465062
0.146762
0.0727878
0.122301
0.0590235
0.10243
0.0406373
0.143273
0.0759213
0.0617432
0.104867
0.0214691
0.0641998
0.0647269
0.139902
0.0668195
0.0993614
0.0594103
0.0709952
0.104008
0.0771309
0.0667162
0.163063
0.107474
0.090143
0.0345482
0.0541914
0.133954
0.0457257
0.0943025
0.0970153
0.093574
0.0198195
0.0446119
0.0762607
0.0499821
0.114886
0.0552818
0.099799
0.0316945
0.0701393
0.0233147
0.0629985
0.249377
0.13695
0.0579711
0.0578894
0.0662018
0.0679296
0.00644462
0.0261943
0.0354982
0.184096
0.0203143
0.0175751
0.0557575
0.0893526
0.103749
0.134015
0.141068
0.0810063
0.0724003
0.0743903
0.130789
0.0930567
0.0335243
0.0863688
0.0620185
0.0835301
0.0501276
0.0316252
0.102176
0.059898
0.0083699
0.106955
0.106655
0.0551756
0.0418063
0.0451894
0.143489
0.0615257
0.122486
0.0692294
0.017305
0.0482932
0.0570991
0.0954905
0.0331459
0.0304685
0.0911505
0.118653
0.134827
0.0572704
0.102614
0.040951
0.0717054
0.0649951
0.145383
0.0879721
0.0315986
0.139964
0.0379012
0.0778656
0.129691
0.0482799
0.0775089
0.0996952
0.0620626
0.051937
0.0318848
0.088066
0.0906216
0.0615219
0.123859
0.072481
0.0573587
0.0517514
0.0251362
0.0901724
0.0480606
0.0599654
0.0945998
0.0937572
0.0901271
0.0626278
0.0959196
0.148163
0.107366
0.0977757
0.128579
0.0575822
0.123673
0.0181403
0.0454649
0.0389462
0.0329981
0.0842794
0.102993
0.0457593
0.143851
0.117823
0.0269208
0.0409585
0.250166
0.112589
0.0704249
0.11145
0.0719306
0.108808
0.0286279
0.0906476
0.20152
0.102115
0.111847
0.098639
0.121632
0.0645236
0.0359448
0.066003
0.0264135
0.104211
0.00842484
0.0489456
0.0485091
0.146683
0.0536541
0.0888186
0.00972996
0.106312
0.120272
0.0664023
0.0157351
0.0809287
0.127625
0.106464
0.1127
0.114878
0.0656881
0.0874494
0.0787493
0.0532952
0.164276
0.0909813
0.109326
0.125194
0.142697
0.117139
0.0845461
0.221212
0.0218203
0.153131
0.0186447
0.146859
0.0166263
0.0396996
0.143279
0.116662
0.160178
0.104481
0.0685047
0.011633
0.0420701
0.0963627
0.0841118
0.042405
0.0668169
0.058173
0.144588
0.01598
0.0190983
0.143788
0.116451
0.0169232
0.0514169
0.0158977
0.154354
0.0412587
0.13315
0.0797353
0.012046
0.0824807
0.0146811
0.0254688
0.0239967
0.0939086
0.0641652
0.200421
0.0496844
0.0106185
0.0695355
0.0978285
0.0278065
0.065788
0.0351817
0.0419563
0.053713
0.0835174
0.105178
0.0459565
0.117345
0.0676439
0.151722
0.121422
0.0533465
0.128883
0.106477
0.0611768
0.133243
0.0436056
0.0698164
0.0986131
0.0863683
0.155098
0.0368796
0.119725
0.0519595
0.101645
0.12844
0.164808
0.0693057
0.0691196
0.0829847
0.127658
0.0588278
0.0584305
0.0700063
0.121488
0.0577939
0.133846
0.0472834
0.0477224
0.0327911
0.0903498
0.140964
0.0224637
0.0523317
0.0530567
0.0496487
0.0499139
0.0864191
0.107101
0.104077
0.0439199
0.145988
0.0268692
0.0366921
0.120812
0.118508
0.0742244
0.173922
0.0617098
0.0557241
0.0358697
0.0815989
0.126145
0.0165
0.103908
0.0541009
0.0686283
0.0799717
0.0744829
0.0901415
0.0483049
0.0590695
0.0939648
0.0914758
0.0558251
0.0667896
0.1017
0.0455218
0.0496899
0.0740614
0.0663129
0.0234364
0.064631
0.117204
0.146132
0.145608
0.0226024
0.0189856
0.11562
0.0648907
0.0323947
0.0659624
0.101814
0.0434031
0.0584888
0.0861771
0.12383
0.0764421
0.0473505
0.0369468
0.0816922
0.1064
0.156051
0.0972107
0.0497177
0.101936
0.0992187
0.0526205
0.038876
0.0834205
0.0883994
0.0778449
0.051491
0.0401242
0.0733059
0.117163
0.114925
0.0708798
0.0664673
0.0864217
0.0756479
0.10356
0.0361843
0.0301124
0.145554
0.110166
0.0903728
0.0608535
0.133884
0.0388327
0.0837658
0.0502817
0.052148
0.0742609
0.0969032
0.100138
0.0141778
0.0500217
0.102371
0.0708639
0.0830153
0.0935386
0.0409902
0.199727
0.0619651
0.0533627
0.0454358
0.0561961
0.0949823
0.122418
0.0615576
0.0887174
0.0608001
0.0469225
0.0551946
0.0946239
0.11723
0.0931224
0.0568558
0.132413
0.126249
0.0540205
0.0586968
0.0748107
0.0242842
0.178648
0.0969682
0.0844928
0.0464226
0.142842
0.152053
0.106137
0.0921506
0.0676439
0.057498
0.0227992
0.045496
0.0338497
0.0188538
0.039737
0.126664
0.114866
0.0395602
0.0864509
0.0510849
0.0750657
0.11279
0.0568925
0.0327231
0.0447782
0.0979968
0.0541021
0.0503056
0.0870121
0.0883898
0.133979
0.120868
0.0549632
0.141633
0.0659681
0.0343582
0.108139
0.081035
0.0456324
0.0137114
0.0517012
0.1038
0.0510938
0.0480973
0.0912574
0.0472704
0.118987
0.0686914
0.0589996
0.0874679
0.0338535
0.0429783
0.0946056
0.0860956
0.058956
0.0391809
0.0428456
0.0594625
0.0827135
0.0485876
0.069693
0.0998246
0.0904646
0.0875176
0.0978526
0.0787733
0.0955669
0.147747
0.0660572
0.0670802
0.0993521
0.14338
0.112982
0.0524239
0.11147
0.0782808
0.0320668
0.10276
0.0570235
0.0583975
0.0369695
0.0517429
0.105025
0.0132057
0.0182247
0.0198637
0.0886113
0.0651599
0.118215
0.11816
0.073222
0.106973
0.100435
0.0783294
0.0471296
0.0499411
0.0419067
0.0241452
0.0773876
0.110002
0.0768899
0.054994
0.102043
0.0347776
0.0395777
0.0903902
0.0792759
0.0508468
0.172478
0.0595986
0.238049
0.039739
0.0408761
0.0344754
0.041495
0.0444823
0.131681
0.103677
0.0664759
0.0604707
0.159557
0.126301
0.0192529
0.0861732
0.0296695
0.0829466
0.0637543
0.0588172
0.0269084
0.0486507
0.0633261
0.0768735
0.0793123
0.0724953
0.193538
0.0414871
0.015545
0.0621111
0.085723
0.115121
0.0584463
0.0966404
0.0745002
0.0235303
0.0710837
0.0408607
0.0568513
0.0631434
0.0273331
0.0806696
0.0542847
0.0836842
0.086938
0.0747213
0.074485
0.0692868
0.0288585
0.10659
0.041978
0.172102
0.0577131
0.0601071
0.0395585
0.0467556
0.104097
0.0479243
0.0535827
0.0264789
0.0402481
0.0131701
0.0836139
0.0860495
0.0669136
0.0757169
0.0996578
0.0975146
0.0659729
0.0394021
0.139771
0.0935426
0.111549
0.0584006
0.168259
0.0515788
0.0600539
0.0444903
0.0478971
0.0291071
0.0587058
0.130514
0.0617318
0.0925366
0.0955656
0.0625186
0.0601292
0.114487
0.111884
0.0940641
0.0658672
0.0308454
0.0558864
0.0233981
0.0556021
0.0611392
0.0307439
0.0560452
0.155671
0.0458379
0.11731
0.0859735
0.106456
0.148399
0.172917
0.0863211
0.0823122
0.0814949
0.119725
0.061422
0.102777
0.0705472
0.109198
0.0326497
0.0973687
0.0963991
0.142758
0.0754562
0.100855
0.088399
0.0694049
0.147782
0.0581045
0.114069
0.0713568
0.0613362
0.12728
0.0530133
0.0670411
0.0649916
0.0615482
0.0136072
0.111376
0.0637143
0.0929603
0.026485
0.0821072
0.0613989
0.032592
0.0615445
0.124073
0.11598
0.124336
0.0673487
0.0773602
0.142302
0.116082
0.0461546
0.0500432
0.0878846
0.0916846
0.060061
0.0210469
0.061387
0.076013
0.0443278
0.131521
0.00913245
0.050164
0.0794594
0.0428987
0.0330311
0.153744
0.00927773
0.0505658
0.0652313
0.0817956
0.0736728
0.0343918
0.107143
0.0869061
0.0626076
0.0901673
0.101618
0.0567677
0.0451205
0.15091
0.0509062
0.0923664
0.0815884
0.0846747
0.0594301
0.0997846
0.0735727
0.0221103
0.133505
0.0753575
0.0305675
0.151208
0.0770783
0.106679
0.0722271
0.0673222
0.0924318
0.0553236
0.0939121
0.0448564
0.0602076
0.102678
0.0939821
0.105783
0.102575
0.0852685
0.0286808
0.154851
0.111352
0.0634227
0.0961774
0.0506893
0.0576476
0.0651199
0.0956699
0.0978748
0.0308934
0.0669608
0.0478862
0.0653288
0.148028
0.0966659
0.0526548
0.0293582
0.0502072
0.058547
0.111859
0.100941
0.0518458
0.0452028
0.0259387
0.0994385
0.05342
0.0612534
0.0942748
0.0558312
0.0512565
0.0886155
0.0430381
0.0914451
0.0875323
0.205384
0.112246
0.021211
0.120488
0.0326486
0.111915
0.0262279
0.0789484
0.11684
0.0909123
0.201983
0.0715423
0.0638625
0.0983611
0.100949
0.0457389
0.0802764
0.0872127
0.0782176
0.0858614
0.0564
0.055304
0.0607322
0.0147358
0.156958
0.127382
0.100069
0.0879479
0.0874567
0.0830106
0.103765
0.0642898
0.0620404
0.0541489
0.0511392
0.125608
0.0780597
0.119034
0.0991926
0.0743628
0.142712
0.0448001
0.0948982
0.0497553
0.0524231
0.0606485
0.0453659
0.11196
0.0688512
0.0758134
0.101714
0.0949994
0.0790019
0.055596
0.0903183
0.0570999
0.0256448
0.123577
0.054811
0.190925
0.0405755
0.0321639
0.0593482
0.103256
0.0587674
0.0632955
0.0804053
0.0889993
0.0284319
0.0228432
0.0493116
0.143545
0.0874927
0.0858831
0.0224225
0.0548779
0.104205
0.144556
0.0859754
0.061583
0.0278684
0.156961
0.0399096
0.0509894
0.119199
0.0939645
0.046482
0.0331597
0.113115
0.1374
0.0355696
0.0751909
0.0629401
0.00538705
0.0661032
0.0600547
0.0738041
0.0642668
0.108468
0.142689
0.0644891
0.0858163
0.161405
0.1319
0.0623541
0.012826
0.0848111
0.0408339
0.0870056
0.0392886
0.0743453
0.0704354
0.0536853
0.0669364
0.149287
0.0613757
0.0565214
0.0820646
0.107486
0.0202499
0.0746153
0.0750508
0.0621422
0.0889184
0.0604431
0.0145415
0.0133549
0.036408
0.0362758
0.0495866
0.0502662
0.0844957
0.0547168
0.0331028
0.0228602
0.0296719
0.0558184
0.0802349
0.0583943
0.0571188
0.0390993
0.0508898
0.0544396
0.0363373
0.0978675
0.130053
0.0500858
0.0543127
0.0972137
0.108285
0.0740371
0.13766
0.0903304
0.0690251
0.107285
0.103069
0.0678267
0.0842371
0.140726
0.100254
0.114272
0.0821438
0.0295279
0.022201
0.114207
0.112821
0.0533885
0.213572
0.0715307
0.089503
0.0349417
0.112627
0.0818891
0.033663
0.0588498
0.0879205
0.0510919
0.02131
0.0584689
0.059091
0.0596401
0.149981
0.0707262
0.094029
0.133176
0.0545569
0.0252991
0.060763
0.101425
0.134245
0.044725
0.0450649
0.169309
0.0863684
0.0906932
0.0656784
0.116411
0.119796
0.0681903
0.0345729
0.149579
0.106495
0.00813476
0.0760893
0.0958392
0.0865128
0.0514972
0.0680671
0.0415847
0.274192
0.0508173
0.0883023
0.0599579
0.141526
0.105383
0.0818122
0.0420306
0.0352946
0.0833887
0.0639094
0.0406105
0.0582093
0.230024
0.0328971
0.0563459
0.0831472
0.0132224
0.0645234
0.0532935
0.0982982
0.139418
0.041459
0.11307
0.0143017
0.0261496
0.047985
0.0891125
0.0631578
0.0939223
0.11315
0.058491
0.0659156
0.0181547
0.0783948
0.0744618
0.041277
0.0542061
0.0510288
0.0492215
0.0129645
0.0493778
0.0510287
0.0542735
0.06127
0.0884688
0.0806548
0.0556807
0.0554532
0.0552642
0.095537
0.0211717
0.0488364
0.0684509
0.0655658
0.140587
0.120321
0.106341
0.0663231
0.0762362
0.054581
0.0984632
0.116112
0.0900298
0.109105
0.10765
0.0273442
0.0911842
0.108337
0.050519
0.0870926
0.141149
0.084156
0.0840889
0.0870978
0.0592845
0.0630923
0.0761105
0.112795
0.0388703
0.0734117
0.0529683
0.00581207
0.0776401
0.0760063
0.0954435
0.0702655
0.0297771
0.0567378
0.0747246
0.075435
0.111016
0.088921
0.0795514
0.0597849
0.0429006
0.134783
0.121223
0.0155658
0.0763012
0.0740543
0.038628
0.0904288
0.105505
0.0701201
0.0779599
0.0648648
0.0557646
0.0592035
0.111113
0.0437094
0.103342
0.0673831
0.142474
0.177737
0.0633991
0.0845754
0.0925419
0.0963434
0.0803023
0.0848162
0.0564984
0.0928409
0.0910599
0.15391
0.0689364
0.0355029
0.0805995
0.070619
0.0524552
0.0375562
0.0399302
0.0259414
0.0660993
0.11336
0.0450743
0.0387942
0.0806672
0.0279822
0.0762548
0.0633064
0.0563677
0.0716741
0.0202897
0.0763168
0.0926856
0.108734
0.0750711
0.0237304
0.10918
0.0992827
0.227673
0.0682775
0.14061
0.287814
0.0571005
0.0688232
0.0838957
0.0830463
0.115644
0.0883227
0.111128
0.0532399
0.0589424
0.0988389
0.121875
0.0650301
0.117645
0.0956598
0.105996
0.0647901
0.0783926
0.0832608
0.0900506
0.00654887
0.0528067
0.0753079
0.0131081
0.0409959
0.132783
0.0685233
0.121398
0.0744234
0.0472178
0.0673025
0.0625872
0.079955
0.0116893
0.0690106
0.017389
0.114374
0.0861147
0.0386357
0.10236
0.0616338
0.0876669
0.0368755
0.0995779
0.0345048
0.0917535
0.112362
0.0588606
0.103048
0.120006
0.0802192
0.0553402
0.0624096
0.143923
0.0455904
0.059727
0.0811838
0.0500537
0.0666537
0.0872941
0.0483369
0.170261
0.0372847
0.0117619
0.0478005
0.0423821
0.166765
0.0823295
0.0578701
0.0348618
0.189956
0.0570777
0.0202479
0.0931839
0.0758455
0.113701
0.114358
0.0342442
0.14211
0.0629677
0.0485148
0.143096
0.0732654
0.0792552
0.0437055
0.0637429
0.124295
0.0449174
0.0861716
0.0210647
0.102126
0.158748
0.0726532
0.0123334
0.0671894
0.0737166
0.0868365
0.0607742
0.0280854
0.105441
0.0729584
0.0202257
0.105425
0.216159
0.0352226
0.102854
0.0402508
0.0743337
0.111805
0.0643549
0.134244
0.0815321
0.107883
0.0853087
0.0935683
0.0529683
0.0538034
0.0743819
0.124121
0.052975
0.0976924
0.0537139
0.0980266
0.0931318
0.0764961
0.0627425
0.0199917
0.0320608
0.194761
0.0283873
0.0456251
0.0972525
0.0514542
0.0397625
0.115284
0.0430636
0.0485401
0.0346574
0.0339739
0.0464117
0.0313045
0.108865
0.0606926
0.0360843
0.0841062
0.0711223
0.0432239
0.0393771
0.0934999
0.0801759
0.0920211
0.0777171
0.103456
0.0773321
0.0943686
0.0498728
0.0987644
0.0255862
0.0711175
0.0312563
0.0586306
0.0868341
0.0630652
0.0580652
0.120186
0.141791
0.123897
0.037925
0.0523068
0.183734
0.0723163
0.0789812
0.0861444
0.0834047
0.0817659
0.154287
0.0605936
0.0151051
0.117382
0.0432139
0.0287886
0.113447
0.025214
0.0668983
0.0850902
0.0676297
0.131668
0.0455558
0.190228
0.107462
0.0815707
0.123582
0.0914097
0.09727
0.0661292
0.147336
0.0543931
0.0497926
0.0754369
0.0394314
0.11353
0.0609037
0.0765519
0.0805574
0.0819725
0.0994978
0.0585046
0.0431536
0.229664
0.039754
0.132089
0.0434315
0.117138
0.103449
0.024522
0.0695443
0.0354238
0.13283
0.0925316
0.0876053
0.0231884
0.0507861
0.134525
0.121908
0.0549306
0.125015
0.0811175
0.0635496
0.113615
0.124463
0.0982691
0.0747553
0.0578704
0.047336
0.0405501
0.0377364
0.0627346
0.0495559
0.0992704
0.115414
0.0502973
0.0898345
0.096604
0.161854
0.114821
0.0150114
0.0175918
0.0505645
0.0417838
0.0453886
0.122146
0.0680492
0.0619808
0.140251
0.0642207
0.0698941
0.0813732
0.0655504
0.0421485
0.0601478
0.0615062
0.0259114
0.11661
0.120361
0.0785842
0.16766
0.0216828
0.111613
0.0809381
0.0387355
0.0837743
0.12268
0.142291
0.123948
0.0919368
0.11535
0.038867
0.1818
0.0431117
0.163381
0.103978
0.0575004
0.116026
0.096545
0.0277971
0.0724931
0.0763373
0.0438223
0.0914406
0.0592514
0.0890762
0.0806727
0.0951063
0.108689
0.105926
0.0783031
0.0733928
0.0361516
0.176209
0.0687357
0.0535339
0.034526
0.0663191
0.0500768
0.116327
0.0226208
0.253255
0.0691276
0.093147
0.0876291
0.112399
0.109988
0.0428648
0.0489005
0.0936935
0.06314
0.0446364
0.112759
0.0916336
0.0429514
0.053508
0.0714574
0.0175561
0.154333
0.0171591
0.0519396
0.0253305
0.0447594
0.0178388
0.179448
0.0466564
0.107574
0.0492748
0.052409
0.0593778
0.05819
0.0772441
0.0719996
0.0600632
0.019249
0.023965
0.105497
0.0617221
0.123985
0.0957735
0.049179
0.102562
0.133372
0.0958078
0.0445979
0.0502432
0.0669172
0.0686509
0.055622
0.038888
0.0322853
0.0339861
0.0732905
0.0523016
0.0240562
0.0729488
0.0776454
0.0954853
0.0381455
0.0945754
0.0688971
0.0716574
0.0600376
0.0347338
0.0398753
0.0246049
0.0865009
0.151948
0.0398837
0.103685
0.0829919
0.0522655
0.065526
0.136629
0.124378
0.0463118
0.0705072
0.0776614
0.0774404
0.164298
0.0876742
0.0369057
0.135262
0.111949
0.0622603
0.0842585
0.127947
0.105345
0.042379
0.0786714
0.0879854
0.0232542
0.0610481
0.123896
0.0401572
0.0561912
0.0861869
0.0574168
0.0824877
0.0248652
0.0919576
0.211111
0.11305
0.0525908
0.161736
0.0377318
0.0956111
0.025303
0.071938
0.155072
0.108523
0.0359284
0.0446879
0.0745589
0.030183
0.127025
0.0340846
0.0671643
0.09649
0.0918926
0.027049
0.0187756
0.0293819
0.106751
0.125652
0.0770766
0.06871
0.106462
0.121156
0.0524351
0.0201615
0.119254
0.0722487
0.0881952
0.0777254
0.0466252
0.0656832
0.10137
0.0785133
0.0893272
0.192337
0.102821
0.0306461
0.0857212
0.093108
0.0995188
0.0239666
0.0330965
0.0232164
0.043144
0.0361106
0.0457099
0.119255
0.116964
0.0107524
0.0760528
0.132047
0.0438057
0.0314443
0.0752236
0.0770589
0.10521
0.0295369
0.164171
0.0544798
0.0402767
0.0969906
0.0961008
0.196249
0.0814807
0.090586
0.0517067
0.035972
0.0338556
0.102323
0.0626367
0.0965142
