0 0.550083
20 0.56556
40 0.3501
60 0.311919
80 0.388727
100 0.348676
120 0.36918
140 0.505996
160 0.433044
180 0.393614
200 0.256996
220 0.40743
240 0.316705
260 0.379618
280 0.299267
300 0.151873
320 0.353049
340 0.465099
360 0.255318
380 0.400347
400 0.190997
420 0.280319
440 0.208457
460 0.321723
480 0.314368
500 0.343642
520 0.0804017
540 0.19288
560 0.315503
580 0.128515
600 0.286342
620 0.194349
640 0.149538
660 0.310599
680 0.321724
700 0.206982
720 0.132112
740 0.278394
760 0.155088
780 0.270512
800 0.210132
820 0.342793
840 0.264584
860 0.274292
880 0.0993854
900 0.295857
920 0.253852
940 0.216371
960 0.4417
980 0.237926
1000 0.266267
1020 0.24283
1040 0.322655
1060 0.365079
1080 0.105399
1100 0.169709
1120 0.273595
1140 0.207551
1160 0.322268
1180 0.395485
1200 0.236098
1220 0.0707633
1240 0.296682
1260 0.221565
1280 0.271728
1300 0.185923
1320 0.303923
1340 0.45308
1360 0.222042
1380 0.393465
1400 0.27312
1420 0.307328
1440 0.271193
1460 0.223673
1480 0.340003
1500 0.275142
1520 0.173033
1540 0.340066
1560 0.11301
1580 0.375929
1600 0.412219
1620 0.14427
1640 0.242468
1660 0.19756
1680 0.381307
1700 0.304478
1720 0.157923
1740 0.167178
1760 0.278691
1780 0.219884
1800 0.179625
1820 0.349427
1840 0.109595
1860 0.24305
1880 0.305047
1900 0.238424
1920 0.155788
1940 0.287375
1960 0.260607
1980 0.283625
2000 0.393851
2020 0.271367
2040 0.232701
2060 0.103298
2080 0.256684
2100 0.291874
2120 0.215188
2140 0.137911
2160 0.139961
2180 0.349943
2200 0.36964
2220 0.376487
2240 0.209043
2260 0.220899
2280 0.228594
2300 0.224673
2320 0.215891
2340 0.332492
2360 0.236427
2380 0.287116
2400 0.348343
2420 0.221909
2440 0.265998
2460 0.316291
2480 0.210567
2500 0.143739
2520 0.273502
2540 0.327316
2560 0.335924
2580 0.299705
2600 0.221774
2620 0.35699
2640 0.263686
2660 0.355422
2680 0.269162
2700 0.38881
2720 0.190368
2740 0.245273
2760 0.40016
2780 0.208419
2800 0.387521
2820 0.26452
2840 0.247255
2860 0.125888
2880 0.312784
2900 0.222221
2920 0.249615
2940 0.255524
2960 0.264848
2980 0.287745
3000 0.149613
3020 0.294109
3040 0.216086
3060 0.217174
3080 0.272736
3100 0.161066
3120 0.246492
3140 0.271951
3160 0.165945
3180 0.269347
3200 0.244777
3220 0.188756
3240 0.174585
3260 0.300443
3280 0.164766
3300 0.256301
3320 0.185735
3340 0.285215
3360 0.380202
3380 0.247499
3400 0.371481
3420 0.312085
3440 0.302374
3460 0.441381
3480 0.195685
3500 0.250342
3520 0.232407
3540 0.195008
3560 0.250551
3580 0.189297
3600 0.324821
3620 0.233934
3640 0.27026
3660 0.235316
3680 0.272774
3700 0.370711
3720 0.256743
3740 0.36828
3760 0.129661
3780 0.298697
3800 0.14471
3820 0.257035
3840 0.206179
3860 0.432306
3880 0.24353
3900 0.119475
3920 0.207595
3940 0.215118
3960 0.273464
3980 0.244622
4000 0.320312
4020 0.350915
4040 0.275227
4060 0.279262
4080 0.531567
4100 0.147697
4120 0.225756
4140 0.174113
4160 0.090123
4180 0.192287
4200 0.371743
4220 0.383888
4240 0.192066
4260 0.145917
4280 0.24087
4300 0.230676
4320 0.0954863
4340 0.306117
4360 0.385707
4380 0.227847
4400 0.288495
4420 0.251098
4440 0.23769
4460 0.255792
4480 0.201045
4500 0.289246
4520 0.233718
4540 0.250348
4560 0.198955
4580 0.185679
4600 0.156559
4620 0.183572
4640 0.370583
4660 0.286871
4680 0.213857
4700 0.279374
4720 0.273114
4740 0.247794
4760 0.323513
4780 0.385571
4800 0.413599
4820 0.164724
4840 0.229723
4860 0.181374
4880 0.280968
4900 0.254127
4920 0.149096
4940 0.20479
4960 0.180971
4980 0.37219
5000 0.198798
5020 0.267433
5040 0.240865
5060 0.383173
5080 0.274375
5100 0.294219
5120 0.183438
5140 0.267203
5160 0.148881
5180 0.233669
5200 0.266456
5220 0.229447
5240 0.326764
5260 0.260985
5280 0.225578
5300 0.39862
5320 0.0693939
5340 0.371493
5360 0.250863
5380 0.272342
5400 0.216949
5420 0.267357
5440 0.468181
5460 0.150978
5480 0.203245
5500 0.211574
5520 0.332636
5540 0.30213
5560 0.308594
5580 0.210946
5600 0.118841
5620 0.214525
5640 0.186165
5660 0.166703
5680 0.196811
5700 0.257435
5720 0.317282
5740 0.165223
5760 0.369184
5780 0.31349
5800 0.296561
5820 0.389713
5840 0.276855
5860 0.244986
5880 0.169847
5900 0.315451
5920 0.445429
5940 0.168546
5960 0.311084
5980 0.193015
6000 0.272644
6020 0.22496
6040 0.11426
6060 0.435645
6080 0.0729673
6100 0.358102
6120 0.381862
6140 0.353704
6160 0.336223
6180 0.291403
6200 0.199968
6220 0.239379
6240 0.238771
6260 0.274764
6280 0.187627
6300 0.275477
6320 0.264171
6340 0.294615
6360 0.30368
6380 0.216602
6400 0.303172
6420 0.328582
6440 0.42048
6460 0.21677
6480 0.230482
6500 0.337129
6520 0.327973
6540 0.138554
6560 0.204432
6580 0.270013
6600 0.290801
6620 0.311664
6640 0.171069
6660 0.228647
6680 0.175
6700 0.310843
6720 0.223362
6740 0.245371
6760 0.264329
6780 0.233818
6800 0.0951768
6820 0.220375
6840 0.112335
6860 0.224678
6880 0.348911
6900 0.189452
6920 0.174393
6940 0.168112
6960 0.37275
6980 0.394108
7000 0.257253
7020 0.126181
7040 0.283761
7060 0.435606
7080 0.229962
7100 0.168562
7120 0.200944
7140 0.161943
7160 0.326822
7180 0.236334
7200 0.166637
7220 0.18345
7240 0.282869
7260 0.244588
7280 0.223454
7300 0.142054
7320 0.106093
7340 0.174901
7360 0.180724
7380 0.217503
7400 0.28965
7420 0.346438
7440 0.255287
7460 0.170108
7480 0.150644
7500 0.274797
7520 0.294596
7540 0.29755
7560 0.238292
7580 0.276223
7600 0.273899
7620 0.251899
7640 0.190061
7660 0.257123
7680 0.335154
7700 0.263174
7720 0.379272
7740 0.123356
7760 0.278348
7780 0.199428
7800 0.244393
7820 0.28107
7840 0.337976
7860 0.224857
7880 0.333436
7900 0.272159
7920 0.35774
7940 0.288909
7960 0.243952
7980 0.168411
8000 0.329304
8020 0.227032
8040 0.412911
8060 0.246346
8080 0.200419
8100 0.142907
8120 0.126933
8140 0.215378
8160 0.357847
8180 0.307731
8200 0.333009
8220 0.217652
8240 0.13522
8260 0.395741
8280 0.175878
8300 0.174883
8320 0.182266
8340 0.245575
8360 0.148841
8380 0.2668
8400 0.155133
8420 0.131494
8440 0.277669
8460 0.189453
8480 0.184522
8500 0.294986
8520 0.297569
8540 0.205758
8560 0.252523
8580 0.257925
8600 0.192102
8620 0.240426
8640 0.319906
8660 0.284149
8680 0.491215
8700 0.288661
8720 0.276364
8740 0.122801
8760 0.218125
8780 0.380398
8800 0.210644
8820 0.247714
8840 0.19862
8860 0.355318
8880 0.187998
8900 0.24802
8920 0.344014
8940 0.251775
8960 0.314222
8980 0.248684
9000 0.306444
9020 0.205983
9040 0.229582
9060 0.168788
9080 0.20564
9100 0.408374
9120 0.389422
9140 0.235582
9160 0.281951
9180 0.197986
9200 0.312521
9220 0.129769
9240 0.16849
9260 0.198083
9280 0.416919
9300 0.176256
9320 0.13637
9340 0.27718
9360 0.254423
9380 0.257252
9400 0.313646
9420 0.301345
9440 0.264865
9460 0.343594
9480 0.320076
9500 0.371388
9520 0.205753
9540 0.186528
9560 0.219544
9580 0.225568
9600 0.172021
9620 0.141822
9640 0.258812
9660 0.322782
9680 0.290111
9700 0.095413
9720 0.332174
9740 0.422462
9760 0.124779
9780 0.148797
9800 0.124762
9820 0.323008
9840 0.397376
9860 0.273603
9880 0.159418
9900 0.14537
9920 0.153504
9940 0.165504
9960 0.276547
9980 0.205535
10000 0.208625
10020 0.25197
10040 0.227494
10060 0.282316
10080 0.191669
10100 0.277787
10120 0.166543
10140 0.252549
10160 0.171549
10180 0.403743
10200 0.210064
10220 0.232489
10240 0.326243
10260 0.166856
10280 0.34571
10300 0.399231
10320 0.13543
10340 0.32945
10360 0.274949
10380 0.236208
10400 0.322005
10420 0.281098
10440 0.267984
10460 0.171893
10480 0.3352
10500 0.212866
10520 0.297958
10540 0.279653
10560 0.324956
10580 0.185596
10600 0.267284
10620 0.153279
10640 0.27321
10660 0.275997
10680 0.193259
10700 0.261855
10720 0.289665
10740 0.314969
10760 0.54391
10780 0.212758
10800 0.327909
10820 0.383559
10840 0.204098
10860 0.34228
10880 0.124672
10900 0.135768
10920 0.245694
10940 0.154196
10960 0.154124
10980 0.351677
11000 0.247312
11020 0.426377
11040 0.277783
11060 0.152655
11080 0.104506
11100 0.434479
11120 0.368757
11140 0.285219
11160 0.310134
11180 0.141625
11200 0.382022
11220 0.165256
11240 0.260019
11260 0.443295
11280 0.260004
11300 0.301405
11320 0.328135
11340 0.341904
11360 0.393397
11380 0.125289
11400 0.403805
11420 0.193053
11440 0.178875
11460 0.168913
11480 0.15495
11500 0.250372
11520 0.411941
11540 0.177698
11560 0.273868
11580 0.0576109
11600 0.295043
11620 0.335302
11640 0.199567
11660 0.172796
11680 0.205947
11700 0.355874
11720 0.347515
11740 0.376385
11760 0.376099
11780 0.214602
11800 0.250754
11820 0.311598
11840 0.265422
11860 0.40314
11880 0.216132
11900 0.23368
11920 0.4353
11940 0.33111
11960 0.297021
11980 0.239175
12000 0.339656
12020 0.198765
12040 0.376809
12060 0.0812829
12080 0.302098
12100 0.214633
12120 0.220536
12140 0.364008
12160 0.308031
12180 0.310798
12200 0.268836
12220 0.197742
12240 0.159433
12260 0.147336
12280 0.371475
12300 0.309347
12320 0.14649
12340 0.28698
12360 0.299251
12380 0.424486
12400 0.179584
12420 0.0990493
12440 0.264328
12460 0.455959
12480 0.153704
12500 0.186664
12520 0.150371
12540 0.297944
12560 0.239551
12580 0.259806
12600 0.227652
12620 0.115272
12640 0.389655
12660 0.216896
12680 0.185573
12700 0.0991563
12720 0.258044
12740 0.187375
12760 0.344504
12780 0.231743
12800 0.112161
12820 0.201635
12840 0.361178
12860 0.220958
12880 0.282751
12900 0.0942602
12920 0.17458
12940 0.134941
12960 0.287353
12980 0.160405
13000 0.253551
13020 0.338175
13040 0.216823
13060 0.346227
13080 0.31462
13100 0.0548625
13120 0.267916
13140 0.356819
13160 0.0995549
13180 0.292748
13200 0.146606
13220 0.229699
13240 0.252931
13260 0.226831
13280 0.475861
13300 0.152544
13320 0.342887
13340 0.183956
13360 0.243425
13380 0.258468
13400 0.337235
13420 0.183541
13440 0.253753
13460 0.218607
13480 0.280445
13500 0.254858
13520 0.264189
13540 0.211226
13560 0.40879
13580 0.399479
13600 0.246219
13620 0.226027
13640 0.211176
13660 0.176801
13680 0.340358
13700 0.350748
13720 0.275386
13740 0.298344
13760 0.125167
13780 0.214632
13800 0.177988
13820 0.266228
13840 0.395835
13860 0.197698
13880 0.12156
13900 0.316141
13920 0.170836
13940 0.142471
13960 0.365656
13980 0.200724
14000 0.290992
14020 0.26826
14040 0.154757
14060 0.286131
14080 0.231615
14100 0.210549
14120 0.29523
14140 0.132584
14160 0.332494
14180 0.210429
14200 0.246021
14220 0.374034
14240 0.321314
14260 0.202826
14280 0.414681
14300 0.263931
14320 0.264131
14340 0.241988
14360 0.192629
14380 0.144977
14400 0.160248
14420 0.300349
14440 0.264325
14460 0.209087
14480 0.179211
14500 0.0944676
14520 0.244614
14540 0.212022
14560 0.485337
14580 0.33385
14600 0.243275
14620 0.173218
14640 0.247234
14660 0.286927
14680 0.128636
14700 0.316264
14720 0.246917
14740 0.1173
14760 0.168208
14780 0.278813
14800 0.262523
14820 0.375369
14840 0.177675
14860 0.146726
14880 0.292632
14900 0.276717
14920 0.264006
14940 0.214763
14960 0.148261
14980 0.200189
15000 0.332803
15020 0.243191
15040 0.181664
15060 0.343842
15080 0.220011
15100 0.301712
15120 0.176653
15140 0.164986
15160 0.204853
15180 0.278795
15200 0.280207
15220 0.267907
15240 0.129236
15260 0.219057
15280 0.275377
15300 0.317534
15320 0.0956528
15340 0.143732
15360 0.384118
15380 0.371288
15400 0.204795
15420 0.327795
15440 0.300422
15460 0.231377
15480 0.28381
15500 0.34931
15520 0.232355
15540 0.329869
15560 0.247464
15580 0.141963
15600 0.0814505
15620 0.267804
15640 0.283017
15660 0.201738
15680 0.215869
15700 0.218182
15720 0.121599
15740 0.351
15760 0.225662
15780 0.188257
15800 0.323235
15820 0.166229
15840 0.280625
15860 0.261401
15880 0.28012
15900 0.255289
15920 0.245045
15940 0.108058
15960 0.199386
15980 0.244947
16000 0.195815
16020 0.286765
16040 0.121757
16060 0.480393
16080 0.244081
16100 0.237435
16120 0.196654
16140 0.329304
16160 0.207122
16180 0.496714
16200 0.367234
16220 0.243967
16240 0.194488
16260 0.351983
16280 0.256157
16300 0.167599
16320 0.173803
16340 0.222296
16360 0.284432
16380 0.207884
16400 0.210337
16420 0.224163
16440 0.0839792
16460 0.339118
16480 0.349068
16500 0.34801
16520 0.180697
16540 0.297264
16560 0.274284
16580 0.202588
16600 0.267732
16620 0.138588
16640 0.245312
16660 0.15261
16680 0.206599
16700 0.277033
16720 0.112491
16740 0.198955
16760 0.185927
16780 0.299465
16800 0.377295
16820 0.140626
16840 0.252126
16860 0.337505
16880 0.127192
16900 0.334146
16920 0.339385
16940 0.270135
16960 0.0331659
16980 0.212012
17000 0.2393
17020 0.275794
17040 0.266592
17060 0.256208
17080 0.291658
17100 0.360754
17120 0.149922
17140 0.224254
17160 0.20352
17180 0.0980782
17200 0.24817
17220 0.209616
17240 0.219249
17260 0.273293
17280 0.215985
17300 0.150578
17320 0.163171
17340 0.222962
17360 0.141556
17380 0.146369
17400 0.240644
17420 0.240647
17440 0.182553
17460 0.296304
17480 0.166962
17500 0.234617
17520 0.351344
17540 0.168847
17560 0.124866
17580 0.211108
17600 0.364846
17620 0.317312
17640 0.121923
17660 0.312421
17680 0.266678
17700 0.256266
17720 0.370108
17740 0.16476
17760 0.362161
17780 0.14647
17800 0.204764
17820 0.216163
17840 0.248339
17860 0.0673061
17880 0.135402
17900 0.181432
17920 0.229869
17940 0.268675
17960 0.368527
17980 0.121024
18000 0.302263
18020 0.246415
18040 0.169078
18060 0.174939
18080 0.115531
18100 0.114532
18120 0.125959
18140 0.208001
18160 0.441041
18180 0.219779
18200 0.171305
18220 0.435472
18240 0.172736
18260 0.264892
18280 0.340034
18300 0.359633
18320 0.0940232
18340 0.415728
18360 0.315341
18380 0.375785
18400 0.163062
18420 0.255208
18440 0.167571
18460 0.172779
18480 0.153564
18500 0.295653
18520 0.36669
18540 0.216965
18560 0.248625
18580 0.282564
18600 0.285884
18620 0.147237
18640 0.149104
18660 0.202242
18680 0.217164
18700 0.241126
18720 0.160703
18740 0.193354
18760 0.152962
18780 0.243466
18800 0.226172
18820 0.234955
18840 0.1731
18860 0.442539
18880 0.168377
18900 0.200551
18920 0.199152
18940 0.13573
18960 0.42902
18980 0.19673
19000 0.229466
19020 0.211399
19040 0.243409
19060 0.262819
19080 0.0934758
19100 0.197783
19120 0.160454
19140 0.137578
19160 0.214596
19180 0.138903
19200 0.179886
19220 0.177031
19240 0.216185
19260 0.250332
19280 0.235408
19300 0.203515
19320 0.226876
19340 0.221375
19360 0.319503
19380 0.173908
19400 0.219443
19420 0.0413796
19440 0.335943
19460 0.336198
19480 0.190751
19500 0.0907421
19520 0.227972
19540 0.275115
19560 0.0738456
19580 0.216998
19600 0.223393
19620 0.215161
19640 0.290071
19660 0.307004
19680 0.311759
19700 0.19984
19720 0.153866
19740 0.322188
19760 0.278979
19780 0.319649
19800 0.195452
19820 0.375994
19840 0.21127
19860 0.204528
19880 0.144999
19900 0.227489
19920 0.165055
19940 0.165039
19960 0.401287
19980 0.263776
20000 0.261589
20020 0.2551
20040 0.12512
20060 0.165478
20080 0.211938
20100 0.22877
20120 0.23701
20140 0.202251
20160 0.264081
20180 0.26522
20200 0.156295
20220 0.153191
20240 0.215413
20260 0.175464
20280 0.148986
20300 0.300164
20320 0.191643
20340 0.25585
20360 0.308952
20380 0.403204
20400 0.319036
20420 0.492915
20440 0.264594
20460 0.137733
20480 0.355108
20500 0.300654
20520 0.20372
20540 0.336848
20560 0.232727
20580 0.401301
20600 0.18118
20620 0.189921
20640 0.25334
20660 0.428588
20680 0.262045
20700 0.308995
20720 0.222185
20740 0.153812
20760 0.321982
20780 0.307494
20800 0.215189
20820 0.210337
20840 0.118147
20860 0.293755
20880 0.13316
20900 0.309426
20920 0.220157
20940 0.240698
20960 0.136226
20980 0.218802
21000 0.195909
21020 0.19092
21040 0.18324
21060 0.367334
21080 0.204294
21100 0.227286
21120 0.19303
21140 0.231581
21160 0.357623
21180 0.360568
21200 0.113371
21220 0.362237
21240 0.330551
21260 0.286116
21280 0.179222
21300 0.184116
21320 0.307016
21340 0.151605
21360 0.184427
21380 0.155175
21400 0.184067
21420 0.319517
21440 0.155892
21460 0.441064
21480 0.0904208
21500 0.140532
21520 0.139502
21540 0.164596
21560 0.100144
21580 0.440167
21600 0.143912
21620 0.23787
21640 0.224152
21660 0.198501
21680 0.318397
21700 0.13679
21720 0.226526
21740 0.4104
21760 0.188561
21780 0.248883
21800 0.187797
21820 0.194369
21840 0.133216
21860 0.323642
21880 0.181978
21900 0.322935
21920 0.306867
21940 0.339524
21960 0.269856
21980 0.249061
22000 0.197773
22020 0.21853
22040 0.322695
22060 0.30132
22080 0.176672
22100 0.292192
22120 0.293395
22140 0.398119
22160 0.256724
22180 0.22067
22200 0.295645
22220 0.270517
22240 0.235462
22260 0.190838
22280 0.17974
22300 0.278426
22320 0.261933
22340 0.357231
22360 0.368012
22380 0.286156
22400 0.130908
22420 0.452881
22440 0.302414
22460 0.139461
22480 0.195989
22500 0.222969
22520 0.308304
22540 0.223119
22560 0.376214
22580 0.248351
22600 0.226019
22620 0.294947
22640 0.2365
22660 0.212332
22680 0.368967
22700 0.187465
22720 0.132644
22740 0.154547
22760 0.098035
22780 0.187585
22800 0.380865
22820 0.398867
22840 0.185119
22860 0.153469
22880 0.20047
22900 0.18215
22920 0.100209
22940 0.263853
22960 0.184815
22980 0.195484
23000 0.266894
23020 0.219937
23040 0.179187
23060 0.229531
23080 0.239312
23100 0.436834
23120 0.278851
23140 0.142693
23160 0.333009
23180 0.302928
23200 0.293373
23220 0.138653
23240 0.298452
23260 0.2745
23280 0.270515
23300 0.383673
23320 0.200618
23340 0.268576
23360 0.31894
23380 0.36866
23400 0.223051
23420 0.267524
23440 0.229054
23460 0.291565
23480 0.275069
23500 0.202906
23520 0.270818
23540 0.255934
23560 0.22137
23580 0.368521
23600 0.27374
23620 0.332983
23640 0.276105
23660 0.312198
23680 0.218759
23700 0.374103
23720 0.170704
23740 0.233746
23760 0.143874
23780 0.268515
23800 0.286977
23820 0.204935
23840 0.424189
23860 0.136612
23880 0.158943
23900 0.308742
23920 0.208633
23940 0.34339
23960 0.178291
23980 0.379793
24000 0.232275
24020 0.234914
24040 0.341595
24060 0.22173
24080 0.257731
24100 0.271642
24120 0.261369
24140 0.201173
24160 0.234906
24180 0.194572
24200 0.260662
24220 0.209684
24240 0.318272
24260 0.107152
24280 0.376934
24300 0.218171
24320 0.147447
24340 0.227373
24360 0.269651
24380 0.178755
24400 0.254284
24420 0.269481
24440 0.25333
24460 0.113217
24480 0.0848107
24500 0.22347
24520 0.275754
24540 0.273712
24560 0.211379
24580 0.197295
24600 0.17773
24620 0.300034
24640 0.334464
24660 0.183288
24680 0.25757
24700 0.0979632
24720 0.350199
24740 0.259733
24760 0.210972
24780 0.296466
24800 0.361054
24820 0.253746
24840 0.102898
24860 0.370371
24880 0.536578
24900 0.255825
24920 0.157407
24940 0.175209
24960 0.136069
24980 0.206563
25000 0.219768
25020 0.197564
25040 0.182142
25060 0.291157
25080 0.353831
25100 0.118067
25120 0.185039
25140 0.35248
25160 0.235652
25180 0.174572
25200 0.212381
25220 0.319721
25240 0.170508
25260 0.156402
25280 0.156503
25300 0.217954
25320 0.293226
25340 0.180316
25360 0.22425
25380 0.309542
25400 0.270021
25420 0.13321
25440 0.25032
25460 0.302082
25480 0.134269
25500 0.257321
25520 0.197235
25540 0.118958
25560 0.170417
25580 0.202702
25600 0.146424
25620 0.117374
25640 0.146286
25660 0.185251
25680 0.0879957
25700 0.236093
25720 0.286134
25740 0.219655
25760 0.151162
25780 0.146025
25800 0.153355
25820 0.15892
25840 0.255906
25860 0.210271
25880 0.209882
25900 0.222277
25920 0.220568
25940 0.221011
25960 0.115191
25980 0.267961
26000 0.235497
26020 0.271108
26040 0.242498
26060 0.218798
26080 0.412268
26100 0.171752
26120 0.350101
26140 0.308345
26160 0.203805
26180 0.238886
26200 0.28375
26220 0.254926
26240 0.239639
26260 0.376212
26280 0.211245
26300 0.236387
26320 0.367064
26340 0.111369
26360 0.145209
26380 0.287949
26400 0.364752
26420 0.16807
26440 0.35328
26460 0.240678
26480 0.225267
26500 0.197706
26520 0.48436
26540 0.25381
26560 0.115623
26580 0.190347
26600 0.414585
26620 0.176216
26640 0.206351
26660 0.236775
26680 0.129758
26700 0.172486
26720 0.308144
26740 0.166894
26760 0.314509
26780 0.232848
26800 0.138698
26820 0.190272
26840 0.230582
26860 0.274684
26880 0.414678
26900 0.236832
26920 0.211795
26940 0.346527
26960 0.331313
26980 0.179267
27000 0.190617
27020 0.309152
27040 0.238619
27060 0.364503
27080 0.323811
27100 0.326456
27120 0.331835
27140 0.155151
27160 0.167627
27180 0.232096
27200 0.331993
27220 0.153122
27240 0.180312
27260 0.123379
27280 0.457728
27300 0.349828
27320 0.234938
27340 0.338565
27360 0.258859
27380 0.227691
27400 0.229307
27420 0.201392
27440 0.141843
27460 0.274234
27480 0.298047
27500 0.27102
27520 0.180804
27540 0.460891
27560 0.123423
27580 0.171473
27600 0.369912
27620 0.104254
27640 0.150992
27660 0.204402
27680 0.203973
27700 0.301596
27720 0.157572
27740 0.242235
27760 0.0443708
27780 0.0274281
27800 0.151145
27820 0.297132
27840 0.163581
27860 0.303614
27880 0.316028
27900 0.296619
27920 0.261521
27940 0.242103
27960 0.345099
27980 0.255953
28000 0.233393
28020 0.309465
28040 0.208519
28060 0.291768
28080 0.142267
28100 0.284532
28120 0.105142
28140 0.253253
28160 0.196111
28180 0.161819
28200 0.402123
28220 0.28098
28240 0.262651
28260 0.296441
28280 0.199555
28300 0.189774
28320 0.246719
28340 0.190896
28360 0.132385
28380 0.309809
28400 0.210299
28420 0.303715
28440 0.162945
28460 0.142649
28480 0.284802
28500 0.297736
28520 0.406427
28540 0.326984
28560 0.241204
28580 0.204683
28600 0.182696
28620 0.235062
28640 0.330041
28660 0.19704
28680 0.287516
28700 0.334304
28720 0.297154
28740 0.203531
28760 0.281894
28780 0.203206
28800 0.16361
28820 0.175153
28840 0.421121
28860 0.235732
28880 0.262659
28900 0.246627
28920 0.160275
28940 0.235647
28960 0.179822
28980 0.283388
29000 0.298358
29020 0.315323
29040 0.135356
29060 0.198326
29080 0.259755
29100 0.312388
29120 0.25062
29140 0.179602
29160 0.249107
29180 0.134208
29200 0.299322
29220 0.334008
29240 0.150591
29260 0.21251
29280 0.281202
29300 0.0795953
29320 0.284502
29340 0.221244
29360 0.270361
29380 0.348794
29400 0.23468
29420 0.308983
29440 0.221634
29460 0.342552
29480 0.246865
29500 0.246909
29520 0.137379
29540 0.338318
29560 0.331752
29580 0.15302
29600 0.248129
29620 0.243515
29640 0.323854
29660 0.35913
29680 0.251996
29700 0.156491
29720 0.237367
29740 0.288441
29760 0.380143
29780 0.248007
29800 0.181145
29820 0.20169
29840 0.277238
29860 0.2443
29880 0.271332
29900 0.188419
29920 0.14209
29940 0.406656
29960 0.385952
29980 0.230585
30000 0.111675
30020 0.274373
30040 0.176098
30060 0.160264
30080 0.286381
30100 0.194537
30120 0.275474
30140 0.308161
30160 0.249227
30180 0.326354
30200 0.244428
30220 0.267548
30240 0.231786
30260 0.288925
30280 0.303074
30300 0.480926
30320 0.212021
30340 0.382202
30360 0.631565
30380 0.117257
30400 0.291364
30420 0.232281
30440 0.292948
30460 0.347393
30480 0.19281
30500 0.231455
30520 0.229441
30540 0.145147
30560 0.300535
30580 0.335852
30600 0.194098
30620 0.233753
30640 0.252599
30660 0.428832
30680 0.277071
30700 0.350941
30720 0.154124
30740 0.250113
30760 0.0639175
30780 0.100074
30800 0.24874
30820 0.146465
30840 0.21523
30860 0.313335
30880 0.374058
30900 0.419456
30920 0.281073
30940 0.174686
30960 0.198978
30980 0.248165
31000 0.160126
31020 0.230518
31040 0.332215
31060 0.195503
31080 0.316383
31100 0.200323
31120 0.277983
31140 0.238875
31160 0.185912
31180 0.321181
31200 0.0746914
31220 0.330441
31240 0.119215
31260 0.229453
31280 0.267697
31300 0.23241
31320 0.243931
31340 0.318229
31360 0.29966
31380 0.172642
31400 0.206459
31420 0.285693
31440 0.221398
31460 0.260813
31480 0.233648
31500 0.12376
31520 0.197484
31540 0.21853
31560 0.189653
31580 0.281899
31600 0.187397
31620 0.192654
31640 0.180313
31660 0.0884659
31680 0.324159
31700 0.272111
31720 0.179487
31740 0.100576
31760 0.551409
31780 0.168956
31800 0.148701
31820 0.35557
31840 0.12797
31860 0.315516
31880 0.327377
31900 0.153629
31920 0.355968
31940 0.291498
31960 0.133279
31980 0.335508
32000 0.258086
32020 0.257816
32040 0.243357
32060 0.236138
32080 0.173875
32100 0.258575
32120 0.193104
32140 0.30532
32160 0.344665
32180 0.359559
32200 0.191064
32220 0.173817
32240 0.165858
32260 0.227122
32280 0.228044
32300 0.26351
32320 0.243925
32340 0.183119
32360 0.313528
32380 0.230617
32400 0.234567
32420 0.428182
32440 0.139014
32460 0.277438
32480 0.166518
32500 0.147868
32520 0.277338
32540 0.197813
32560 0.340653
32580 0.182001
32600 0.234558
32620 0.27753
32640 0.207762
32660 0.150563
32680 0.253798
32700 0.317739
32720 0.226129
32740 0.176183
32760 0.309165
32780 0.164839
32800 0.241815
32820 0.280595
32840 0.154661
32860 0.223649
32880 0.189354
32900 0.215683
32920 0.464726
32940 0.125849
32960 0.191459
32980 0.268241
33000 0.157086
33020 0.0918932
33040 0.324715
33060 0.266102
33080 0.171486
33100 0.145154
33120 0.19464
33140 0.15559
33160 0.237709
33180 0.278531
33200 0.188988
33220 0.110258
33240 0.218163
33260 0.221569
33280 0.259455
33300 0.103767
33320 0.188216
33340 0.386646
33360 0.237703
33380 0.220343
33400 0.301329
33420 0.223945
33440 0.280408
33460 0.138424
33480 0.318132
33500 0.114623
33520 0.234564
33540 0.233226
33560 0.180872
33580 0.189575
33600 0.0871229
33620 0.257457
33640 0.400586
33660 0.334597
33680 0.23659
33700 0.0922889
33720 0.188867
33740 0.465443
33760 0.324663
33780 0.231404
33800 0.185552
33820 0.285456
33840 0.157658
33860 0.27805
33880 0.250629
33900 0.0813742
33920 0.310706
33940 0.220768
33960 0.14274
33980 0.312562
34000 0.137741
34020 0.291378
34040 0.509898
34060 0.273798
34080 0.274483
34100 0.255859
34120 0.371995
34140 0.26757
34160 0.221433
34180 0.272552
34200 0.230754
34220 0.324777
34240 0.225964
34260 0.369888
34280 0.200478
34300 0.143162
34320 0.2469
34340 0.200625
34360 0.200363
34380 0.146063
34400 0.205184
34420 0.221449
34440 0.108661
34460 0.329734
34480 0.276629
34500 0.161007
34520 0.337321
34540 0.190492
34560 0.275344
34580 0.141446
34600 0.217068
34620 0.304989
34640 0.186534
34660 0.331256
34680 0.140515
34700 0.332675
34720 0.32506
34740 0.243218
34760 0.126091
34780 0.132748
34800 0.40336
34820 0.252517
34840 0.171842
34860 0.290699
34880 0.285662
34900 0.35832
34920 0.295894
34940 0.376118
34960 0.329667
34980 0.284074
35000 0.231765
35020 0.20693
35040 0.119101
35060 0.16558
35080 0.202843
35100 0.183391
35120 0.277129
35140 0.357056
35160 0.150931
35180 0.265882
35200 0.212866
35220 0.407676
35240 0.313265
35260 0.140717
35280 0.210044
35300 0.170588
35320 0.307911
35340 0.163431
35360 0.380928
35380 0.210661
35400 0.147762
35420 0.343035
35440 0.154692
35460 0.282271
35480 0.253416
35500 0.167742
35520 0.0820828
35540 0.354563
35560 0.135904
35580 0.287506
35600 0.319754
35620 0.24076
35640 0.213108
35660 0.347135
35680 0.150424
35700 0.255837
35720 0.242669
35740 0.150203
35760 0.290064
35780 0.4175
35800 0.237773
35820 0.362775
35840 0.268106
35860 0.268799
35880 0.167481
35900 0.358174
35920 0.189214
35940 0.371038
35960 0.286101
35980 0.148827
36000 0.343633
36020 0.390453
36040 0.205514
36060 0.297407
36080 0.15983
36100 0.280215
36120 0.334031
36140 0.178061
36160 0.267673
36180 0.338808
36200 0.241661
36220 0.244881
36240 0.264735
36260 0.211152
36280 0.259296
36300 0.205559
36320 0.3373
36340 0.208706
36360 0.207845
36380 0.303597
36400 0.170625
36420 0.252541
36440 0.275801
36460 0.16142
36480 0.516371
36500 0.152177
36520 0.212768
36540 0.27965
36560 0.31078
36580 0.218466
36600 0.1965
36620 0.16034
36640 0.263083
36660 0.270881
36680 0.176883
36700 0.207338
36720 0.352195
36740 0.16443
36760 0.098805
36780 0.156015
36800 0.0975222
36820 0.41939
36840 0.0827062
36860 0.264962
36880 0.104586
36900 0.207661
36920 0.118675
36940 0.356918
36960 0.261241
36980 0.316633
37000 0.140077
37020 0.184183
37040 0.178094
37060 0.363824
37080 0.170461
37100 0.153841
37120 0.303646
37140 0.0672784
37160 0.158765
37180 0.292559
37200 0.162705
37220 0.301233
37240 0.319624
37260 0.0878965
37280 0.266171
37300 0.261937
37320 0.314832
37340 0.311743
37360 0.133312
37380 0.276674
37400 0.225716
37420 0.165973
37440 0.086716
37460 0.142287
37480 0.147314
37500 0.316127
37520 0.114735
37540 0.118177
37560 0.17667
37580 0.332815
37600 0.270756
37620 0.171084
37640 0.135638
37660 0.197697
37680 0.237539
37700 0.251941
37720 0.337118
37740 0.103896
37760 0.111473
37780 0.169569
37800 0.450842
37820 0.251046
37840 0.364541
37860 0.256732
37880 0.255735
37900 0.168816
37920 0.354925
37940 0.246223
37960 0.189445
37980 0.134153
38000 0.242938
38020 0.172537
38040 0.286967
38060 0.182909
38080 0.227969
38100 0.273274
38120 0.210618
38140 0.228292
38160 0.270554
38180 0.240652
38200 0.203029
38220 0.268968
38240 0.21816
38260 0.238582
38280 0.128838
38300 0.179396
38320 0.338569
38340 0.144261
38360 0.323925
38380 0.297124
38400 0.253051
38420 0.170114
38440 0.075356
38460 0.208039
38480 0.396302
38500 0.26648
38520 0.16962
38540 0.366913
38560 0.187091
38580 0.3354
38600 0.140872
38620 0.219026
38640 0.45911
38660 0.352007
38680 0.0856626
38700 0.220277
38720 0.411002
38740 0.183303
38760 0.242126
38780 0.210938
38800 0.268009
38820 0.275883
38840 0.26341
38860 0.19998
38880 0.308674
38900 0.159756
38920 0.317755
38940 0.277781
38960 0.414862
38980 0.36987
39000 0.383313
39020 0.224237
39040 0.244974
39060 0.248316
39080 0.238061
39100 0.260548
39120 0.298774
39140 0.151048
39160 0.24379
39180 0.263517
39200 0.256374
39220 0.235418
39240 0.209577
39260 0.400933
39280 0.293934
39300 0.219424
39320 0.285985
39340 0.307277
39360 0.281127
39380 0.13716
39400 0.384832
39420 0.223045
39440 0.177841
39460 0.293596
39480 0.186164
39500 0.347298
39520 0.277765
39540 0.112569
39560 0.355499
39580 0.310137
39600 0.176057
39620 0.163181
39640 0.207014
39660 0.142617
39680 0.11972
39700 0.212327
39720 0.369652
39740 0.21179
39760 0.073144
39780 0.186515
39800 0.257647
39820 0.43508
39840 0.216478
39860 0.233124
39880 0.176733
39900 0.174812
39920 0.191373
39940 0.242949
39960 0.192203
39980 0.295424
