2.58065
0.507525
0.450969
0.203051
0.622365
0.398207
0.33735
0.471611
0.19343
0.368664
0.241998
0.299146
0.231487
0.199436
0.262406
0.234265
0.266461
0.293734
0.0879419
0.395517
0.174858
0.269154
0.141453
0.258724
0.208706
0.332822
0.0896767
0.13794
0.134761
0.179228
0.257147
0.0796275
0.138036
0.0979129
0.186183
0.14076
0.150694
0.280093
0.131223
0.206323
0.173493
0.0764176
0.230581
0.15936
0.107523
0.358656
0.060048
0.232791
0.141706
0.0551051
0.363869
0.111444
0.130416
0.179979
0.097899
0.151412
0.205894
0.195292
0.502732
0.334648
0.172594
0.157791
0.0567441
0.131938
0.0821298
0.151019
0.0714407
0.283142
0.177404
0.146444
0.103736
0.228552
0.136052
0.101474
0.16234
0.109387
0.080708
0.207674
0.171513
0.116073
0.350714
0.205203
0.087304
0.0407091
0.0577474
0.0597789
0.17683
0.12793
0.145351
0.243475
0.110066
0.174116
0.0738674
0.137723
0.101914
0.0846677
0.117531
0.160534
0.12118
0.110572
0.182089
0.073602
0.132464
0.138269
0.275431
0.128933
0.122312
0.0502529
0.105614
0.106222
0.0843305
0.297378
0.0992661
0.193517
0.145299
0.106762
0.102164
0.180145
0.154099
0.128871
0.0943196
0.117064
0.137799
0.299682
0.0983085
0.0786014
0.129247
0.223017
0.108495
0.0915747
0.108
0.172182
0.11932
0.361543
0.186229
0.198912
0.0891151
0.102668
0.154377
0.153438
0.115761
0.0526743
0.0569886
0.313505
0.150761
0.112081
0.137215
0.139909
0.172847
0.145705
0.124457
0.124057
0.178737
0.142873
0.121918
0.0883332
0.164322
0.164089
0.0713256
0.107872
0.0721339
0.066173
0.11599
0.115506
0.0350401
0.0899408
0.0792637
0.264446
0.134367
0.186171
0.158341
0.11894
0.202965
0.123941
0.188436
0.153378
0.157165
0.123085
0.110289
0.109663
0.0870178
0.144458
0.152906
0.369027
0.483281
0.116721
0.11797
0.152545
0.152687
0.220357
0.0849237
0.130317
0.0930422
0.222042
0.111871
0.0335333
0.16708
0.181323
0.064272
0.0765146
0.125673
0.0947779
0.128948
0.207308
0.12789
0.108938
0.109941
0.0670528
0.140512
0.123523
0.150971
0.14769
0.0767508
0.167231
0.0491809
0.0270397
0.0988707
0.131704
0.20341
0.129975
0.0765368
0.0481514
0.121764
0.0882884
0.108511
0.186602
0.157752
0.132192
0.121363
0.0876493
0.0672998
0.0410174
0.28591
0.137969
0.102897
0.16751
0.131209
0.128115
0.121794
0.136453
0.126157
0.0665641
0.09506
0.095095
0.0898279
0.0968187
0.118704
0.0467721
0.104414
0.126821
0.158849
0.0873932
0.38147
0.148085
0.100302
0.137081
0.115866
0.151121
0.178946
0.155565
0.124004
0.141434
0.175176
0.0746349
0.0814291
0.216338
0.0970531
0.192362
0.113636
0.0626354
0.0815368
0.0794028
0.0578041
0.234445
0.0717685
0.0897318
0.301504
0.0467325
0.101109
0.104271
0.0920686
0.164486
0.183267
0.0567323
0.144388
0.144808
0.0733255
0.117194
0.14342
0.0532553
0.0793082
0.124341
0.0886496
0.0694372
0.0508737
0.0786676
0.156827
0.0685798
0.061052
0.13202
0.087111
0.0502528
0.113996
0.110103
0.0316946
0.0964462
0.104866
0.123623
0.126242
0.0847005
0.114603
0.21887
0.126707
0.17862
0.289504
0.0902455
0.130022
0.152441
0.0643958
0.219002
0.181387
0.111876
0.100347
0.0420104
0.158497
0.159415
0.0914849
0.1367
0.0170587
0.258141
0.0542279
0.0728816
0.0767309
0.135363
0.109774
0.226188
0.091168
0.113443
0.0627788
0.0965352
0.0169575
0.138652
0.0648361
0.16151
0.0744338
0.0546959
0.0663554
0.0450641
0.103851
0.165471
0.0802183
0.110992
0.137153
0.177702
0.108881
0.120461
0.136077
0.0517351
0.074554
0.18126
0.0931769
0.0490882
0.144414
0.103966
0.0980703
0.0792669
0.146178
0.116439
0.0614761
0.0633699
0.0281282
0.0867961
0.145415
0.0539526
0.0778562
0.115923
0.0909642
0.190963
0.077092
0.0485632
0.141705
0.154431
0.03686
0.0903069
0.0751896
0.131188
0.0393844
0.114191
0.0804105
0.118549
0.0485484
0.0864772
0.0924353
0.0908474
0.0914334
0.038616
0.0711038
0.12727
0.159283
0.0671646
0.101651
0.136337
0.0904118
0.176507
0.0852601
0.0778859
0.176339
0.0317561
0.29319
0.0583651
0.138319
0.104874
0.105967
0.180243
0.0768323
0.132901
0.0448745
0.0639996
0.203651
0.0628939
0.108976
0.0761418
0.118538
0.0447228
0.0868886
0.0930581
0.161957
0.0544018
0.106767
0.149268
0.0498398
0.0824315
0.124897
0.165407
0.246195
0.153462
0.153955
0.0361867
0.121629
0.129597
0.174675
0.063482
0.125985
0.127218
0.0780102
0.0734473
0.121238
0.193342
0.210913
0.216902
0.142147
0.035824
0.0561501
0.0883997
0.119049
0.134115
0.107734
0.142671
0.114125
0.121865
0.0799385
0.104471
0.0626019
0.0794192
0.112554
0.0474472
0.0802114
0.0554936
0.117874
0.215308
0.0849614
0.0576202
0.162898
0.0961924
0.207309
0.177365
0.190671
0.0230589
0.0639218
0.0738701
0.0635189
0.0669636
0.0491353
0.0952086
0.110012
0.0490719
0.0726418
0.0918444
0.0891795
0.0461173
0.0910783
0.329483
0.239293
0.0563691
0.104365
0.190853
0.1062
0.107346
0.0693595
0.0539812
0.120558
0.050993
0.158529
0.121333
0.126213
0.0871358
0.110482
0.112181
0.131483
0.210006
0.0604375
0.0873078
0.247362
0.132779
0.111713
0.133453
0.0445133
0.0629134
0.0737021
0.122916
0.170846
0.0285701
0.11755
0.142813
0.0863174
0.121356
0.347194
0.0359884
0.0464475
0.108436
0.0536522
0.0877137
0.0831758
0.0677465
0.0472494
0.182178
0.175681
0.0364605
0.106393
0.124285
0.0800719
0.142584
0.0968054
0.120649
0.0105816
0.122602
0.118417
0.0713188
0.110299
0.0659105
0.0627265
0.150516
0.132218
0.131999
0.0943791
0.250212
0.181076
0.0979477
0.18442
0.0588556
0.094473
0.0807005
0.138387
0.208135
0.174569
0.106516
0.126698
0.160069
0.0444737
0.114366
0.0950674
0.0451193
0.198864
0.0296824
0.0546796
0.0704859
0.108399
0.0279294
0.108278
0.0859573
0.116003
0.124813
0.0170544
0.0796386
0.111514
0.19047
0.242647
0.112022
0.11664
0.0723196
0.194749
0.128324
0.0998329
0.130927
0.128304
0.124627
0.217775
0.0984327
0.110018
0.125374
0.134284
0.0234437
0.15058
0.08479
0.0600815
0.0997672
0.081219
0.137966
0.177582
0.207224
0.103637
0.0360734
0.0352109
0.0940141
0.0969462
0.12785
0.0377255
0.0641219
0.0771504
0.148479
0.0606911
0.0282431
0.17102
0.0922284
0.0565813
0.0321994
0.062809
0.0836228
0.0795508
0.0804521
0.0877199
0.0155552
0.0592638
0.0718862
0.158992
0.0835692
0.103643
0.0777197
0.134249
0.0746349
0.041733
0.0557465
0.0765114
0.158338
0.0901798
0.0695657
0.0952192
0.0696701
0.0346834
0.11946
0.137548
0.107498
0.0342991
0.126225
0.114892
0.176557
0.182183
0.110393
0.0102447
0.11788
0.0548804
0.13862
0.106143
0.0660849
0.22955
0.0398826
0.0993017
0.0876781
0.0603259
0.0809014
0.103582
0.101298
0.0201747
0.0539379
0.0938949
0.128493
0.0979774
0.0597946
0.0794069
0.038998
0.0827008
0.0484538
0.208807
0.160344
0.0882823
0.0394787
0.104495
0.158655
0.0448731
0.166292
0.0692953
0.100431
0.0947043
0.0979084
0.0384183
0.0206639
0.0528675
0.175863
0.090074
0.11015
0.0214109
0.15667
0.0511582
0.0314462
0.112325
0.078041
0.0314335
0.0907133
0.145493
0.0257008
0.0851377
0.14949
0.0439151
0.106371
0.12526
0.0943837
0.0341003
0.143292
0.122272
0.0637865
0.104195
0.0584398
0.098368
0.109552
0.114237
0.122543
0.0962443
0.130465
0.134265
0.135885
0.139194
0.132106
0.109719
0.097179
0.0591984
0.113519
0.0756221
0.0747162
0.143988
0.126983
0.0430245
0.12989
0.153996
0.103049
0.0406904
0.0462707
0.144803
0.124604
0.0260718
0.133962
0.0157459
0.0773828
0.193518
0.0532726
0.0989003
0.126773
0.0461984
0.107684
0.0616427
0.16475
0.0343531
0.0588485
0.0828476
0.0342604
0.0766158
0.0957172
0.0176516
0.0568048
0.0651624
0.0923289
0.0509005
0.193865
0.0959265
0.0632704
0.0515122
0.0838939
0.106602
0.0796393
0.0762148
0.0501773
0.0575346
0.152769
0.165614
0.0739376
0.108106
0.0619589
0.0458322
0.0221152
0.135859
0.0603214
0.142348
0.153446
0.116983
0.0768888
0.0773655
0.0550418
0.100012
0.0979354
0.100194
0.0910589
0.191136
0.103493
0.0888748
0.0645444
0.139014
0.0517563
0.0806347
0.067862
0.0660073
0.0502958
0.152153
0.0770933
0.0831272
0.117495
0.122252
0.0216104
0.112736
0.122324
0.0637188
0.0640447
0.135871
0.0853633
0.10172
0.110821
0.198734
0.065397
0.105402
0.0957237
0.0949404
0.0542889
0.0478212
0.0844487
0.0526755
0.0425988
0.226206
0.0841546
0.0531739
0.0708044
0.0997066
0.0442021
0.103794
0.0771955
0.0847429
0.0188858
0.0724792
0.0799934
0.188918
0.162274
0.0429683
0.0963914
0.0764658
0.112101
0.0745207
0.0917328
0.230375
0.0385174
0.0182042
0.0734954
0.070818
0.117551
0.0193209
0.0994721
0.069808
0.184375
0.0750408
0.0268647
0.123351
0.0903881
0.0625183
0.0936594
0.0286852
0.0896709
0.0654639
0.125134
0.0412567
0.0892717
0.080963
0.0620071
0.0244408
0.0682335
0.110338
0.0957272
0.0246449
0.0929978
0.108593
0.125276
0.114038
0.061694
0.108106
0.0683064
0.055658
0.0447396
0.0726509
0.0377963
0.115426
0.091819
0.107528
0.0707132
0.0917632
0.0779613
0.113541
0.0727365
0.131395
0.0491155
0.0706198
0.112974
0.0856373
0.046189
0.0780276
0.0664269
0.0675767
0.161337
0.101258
0.10779
0.0673016
0.172894
0.0952448
0.0611265
0.0899363
0.164563
0.0921997
0.0162871
0.0898054
0.098764
0.0329909
0.11186
0.212239
0.120495
0.0608739
0.0564075
0.0830526
0.0571193
0.0749706
0.162601
0.0408183
0.12211
0.0462301
0.0174679
0.0622615
0.08673
0.0807948
0.0500036
0.0992333
0.0629527
0.140508
0.0985309
0.0680941
0.111704
0.143423
0.116453
0.0530439
0.24975
0.0390881
0.112901
0.13705
0.0772071
0.103022
0.0635207
0.0663655
0.0771786
0.0692372
0.0241128
0.0657708
0.204368
0.0903462
0.120734
0.114859
0.120914
0.0321463
0.169997
0.168347
0.0368374
0.0405244
0.0257429
0.068662
0.0875578
0.0672018
0.149334
0.0554432
0.0469299
0.0670841
0.044597
0.0510382
0.119928
0.141428
0.045481
0.148272
0.114902
0.0282516
0.0654733
0.0640064
0.132064
0.122416
0.182213
0.10758
0.202037
0.161543
0.106534
0.139968
0.146419
0.0935618
0.0238975
0.137493
0.0609792
0.111173
0.129952
0.179032
0.0668246
0.068817
0.0401268
0.0588519
0.088042
0.0688481
0.0783068
0.081624
0.0456858
0.119063
0.0454212
0.0691667
0.0728813
0.139069
0.0539376
0.0510767
0.0906949
0.0613038
0.130442
0.0466568
0.183844
0.126714
0.0823124
0.120348
0.0936708
0.168996
0.0804138
0.11808
0.057506
0.0718586
0.0952279
0.0179984
0.0829832
0.043824
0.0472554
0.159766
0.127216
0.0504937
0.199303
0.0964496
0.0670705
0.106103
0.0535443
0.0558878
0.189113
0.111534
0.0925013
0.0908409
0.21562
0.145466
0.0958294
0.171356
0.0988079
0.120813
0.0656445
0.134871
0.114153
0.0502361
0.126672
0.0888652
0.0498759
0.062579
0.0565783
0.0569772
0.120323
0.156129
0.120889
0.0804744
0.139366
0.185483
0.157041
0.0785852
0.058787
0.120225
0.0789277
0.09433
0.0934508
0.0838194
0.102654
0.091976
0.059534
0.117098
0.0361096
0.0487774
0.012077
0.088275
0.0960761
0.153318
0.105111
0.0731497
0.0670197
0.164259
0.0860064
0.148411
0.115214
0.0938306
0.0800523
0.0873678
0.0755309
0.041577
0.102286
0.0797431
0.172696
0.0495106
0.0535734
0.149683
0.0464321
0.097802
0.0913512
0.0640298
0.113958
0.0616324
0.135481
0.0877835
0.398642
0.0915515
0.124234
0.137026
0.147429
0.104229
0.0759404
0.0726234
0.037539
0.0875358
0.0912983
0.0495846
0.135249
0.176153
0.114909
0.140523
0.228857
0.0813091
0.153575
0.112501
0.0384235
0.10378
0.0424035
0.071704
0.0537422
0.152613
0.0655464
0.0531429
0.172666
0.10233
0.102538
0.0858128
0.0259141
0.0574061
0.0103959
0.0753978
0.126721
0.0353435
0.114149
0.0223683
0.0998072
0.0860058
0.116483
0.0703686
0.0577587
0.0628537
0.0649363
0.0770018
0.045057
0.10573
0.0852204
0.0614539
0.208628
0.0595994
0.0506431
0.0931048
0.0153731
0.0856475
0.0587467
0.0783778
0.114111
0.065238
0.228399
0.0420541
0.187833
0.049139
0.0317296
0.0387326
0.076195
0.0633947
0.0742318
0.105462
0.0606843
0.100049
0.0578806
0.0885117
0.0670444
0.0365721
0.0885388
0.145629
0.137466
0.082294
0.05541
0.020626
0.0347418
0.0545616
0.0945173
0.0638861
0.100815
0.0865074
0.0943557
0.0439072
0.0961403
0.135262
0.0513805
0.0971456
0.0480985
0.048176
0.102575
0.0967286
0.055642
0.0458535
0.170851
0.0868651
0.106771
0.0795178
0.0793709
0.153775
0.0583413
0.0645053
0.0679953
0.156379
0.0520261
0.0687444
0.142893
0.0905219
0.0952132
0.11753
0.0518975
0.118218
0.106158
0.124849
0.0820149
0.0762888
0.116685
0.117242
0.0487717
0.169459
0.108851
0.176705
0.0422491
0.153049
0.131563
0.0777663
0.0600946
0.163431
0.0657806
0.0194536
0.0270585
0.0524709
0.0703349
0.133455
0.0715101
0.0755084
0.135469
0.0799179
0.12048
0.0396911
0.144645
0.0672689
0.157072
0.133895
0.24234
0.0142469
0.0619385
0.116923
0.0774795
0.0632672
0.0458348
0.223279
0.114577
0.0160856
0.0934418
0.0292616
0.130031
0.0872301
0.0595872
0.137617
0.0407821
0.120903
0.0941981
0.0355993
0.0480502
0.138939
0.0620236
0.129418
0.12383
0.0191014
0.131379
0.0100655
0.030456
0.0667895
0.0961577
0.0848361
0.0518525
0.047952
0.165706
0.0788388
0.112831
0.154521
0.0700505
0.122722
0.117762
0.114404
0.0965684
0.126905
0.0397942
0.14931
0.112603
0.0539831
0.0369648
0.0554424
0.0739363
0.0373792
0.140083
0.0955832
0.0394219
0.119716
0.0534595
0.0532655
0.117316
0.0949348
0.144453
0.0117005
0.203758
0.0588
0.013238
0.0741006
0.105481
0.0243313
0.0494869
0.110481
0.0820428
0.125993
0.0692305
0.16828
0.0621104
0.0851348
0.0897221
0.0911597
0.0809066
0.100105
0.0777238
0.0471744
0.0951551
0.0575839
0.0604715
0.131732
0.0730927
0.0594481
0.0272945
0.0162263
0.161149
0.0353827
0.0811679
0.0899563
0.0668308
0.0922453
0.052365
0.082976
0.031954
0.0656704
0.104187
0.0592083
0.0804726
0.099187
0.188217
0.0889875
0.0925973
0.0890848
0.144184
0.0587207
0.114358
0.0117004
0.0837975
0.139488
0.172417
0.14597
0.131554
0.0461005
0.0297294
0.0668804
0.109419
0.0613013
0.0380265
0.0999169
0.0444901
0.0639539
0.0281404
0.0798048
0.0775204
0.101936
0.0513343
0.153138
0.221282
0.0700958
0.110212
0.0146954
0.0454006
0.0405182
0.0632
0.0889652
0.0680217
0.131758
0.106853
0.0491421
0.0679079
0.0347497
0.202118
0.0202037
0.0457117
0.0284429
0.0538657
0.106992
0.0777135
0.0805742
0.0606531
0.0263624
0.135004
0.104314
0.10706
0.0630861
0.178878
0.0430791
0.139224
0.06125
0.0499382
0.0800001
0.12553
0.0863472
0.0962338
0.0940313
0.0496101
0.0573858
0.0367199
0.0514786
0.166616
0.118486
0.0589024
0.059541
0.0186637
0.223645
0.0731334
0.0683006
0.0847575
0.124611
0.105654
0.118289
0.158105
0.0858522
0.0974121
0.0780118
0.0579607
0.083941
0.016065
0.226771
0.087784
0.0433008
0.0877087
0.118635
0.202995
0.0731426
0.0395253
0.0422967
0.0594814
0.118833
0.028378
0.0693409
0.112106
0.0842234
0.0534947
0.103826
0.153248
0.0723794
0.0720033
0.0998155
0.0883726
0.0885763
0.0155176
0.0808338
0.0799757
0.0532505
0.0246249
0.0312697
0.0948575
0.0583454
0.069909
0.072984
0.0776065
0.0378515
0.0520315
0.0550566
0.0170596
0.0671367
0.0396904
0.0281409
0.0915778
0.0873779
0.0800133
0.0775427
0.122098
0.0598345
0.0403682
0.159571
0.0296279
0.0498734
0.0883255
0.0282661
0.0608059
0.0625348
0.0396329
0.0409058
0.102338
0.0807528
0.0871294
0.0418412
0.0943618
0.0234827
0.0298971
0.098903
0.036447
0.0495166
0.0747718
0.0486351
0.032089
0.0856995
0.0449159
0.087768
0.117208
0.092969
0.0871139
0.0924307
0.0772174
0.0643602
0.0697069
0.0406208
0.0158718
0.0482257
0.0802422
0.031418
0.040196
0.123879
0.0155044
0.0833496
0.111803
0.0493331
0.0430117
0.0108094
0.0599834
0.0771514
0.072178
0.0985533
0.0362851
0.129963
0.0549693
0.063264
0.069012
0.116504
0.107805
0.0260136
0.0247637
0.0530396
0.118363
0.0839966
0.0920401
0.0394104
0.0312572
0.0889268
0.0995262
0.041501
0.0205321
0.0717997
0.0477303
0.0306265
0.087124
0.0517464
0.107217
0.0503741
0.0908424
0.029625
0.0726598
0.138811
0.0883545
0.0393668
0.117673
0.0244045
0.038693
0.099234
0.0493669
0.035385
0.0359959
0.0616344
0.0288406
0.0785499
0.0394041
0.179336
0.0339488
0.0979994
0.0871196
0.00601261
0.0854264
0.103546
0.0574579
0.0416552
0.0459262
0.0801193
0.0623716
0.0765018
0.0414247
0.0482937
0.033084
0.078213
0.0420571
0.0854462
0.0503676
0.185057
0.0196737
0.0713468
0.0977301
0.0600659
0.06263
0.0528277
0.0822128
0.132376
0.0750929
0.040074
0.0510122
0.0865964
0.159201
0.0515827
0.0781994
0.0227325
0.0522744
0.0618063
0.0224559
0.0653166
0.118246
0.0453853
0.0987553
0.0409672
0.071512
0.151107
0.0722339
0.0555575
0.0794558
0.141881
0.130065
0.0572353
0.14389
0.0802229
0.0179203
0.0691152
0.0371275
0.0569772
0.0712895
0.117727
0.0147493
0.0448439
0.054403
0.0637606
0.0269924
0.0898017
0.13053
0.181478
0.0466835
0.110098
0.0413673
0.0227809
0.0685603
0.058438
0.105589
0.110032
0.0357515
0.0971055
0.182569
0.103355
0.0683389
0.0504082
0.0229164
0.0496019
0.127438
0.0411959
0.0708281
0.0315898
0.0280472
0.12635
0.0988363
0.0368484
0.111221
0.0234089
0.0502705
0.03103
0.131828
0.0745604
0.113577
0.0199221
0.0313909
0.0434597
0.0615423
0.0526701
0.0828808
0.0206102
0.077873
0.0633351
0.0734767
0.00859366
0.050335
0.104704
0.0572292
0.152703
0.0725476
0.0436731
0.0428236
0.0805906
0.071423
0.0977388
0.0658135
0.134291
0.0397264
0.11141
0.0768732
0.0317758
0.106829
0.0561502
0.0440643
0.063858
0.127726
0.0501458
0.0417862
0.137218
0.0939549
0.102947
0.0517285
0.0483206
0.066043
0.0596092
0.0831876
0.0503976
0.0437868
0.061156
0.061439
0.0661198
0.0596372
0.0939815
0.0645299
0.0741414
0.0343896
0.0620909
0.110084
0.0676013
0.0585015
0.0775121
0.0820398
0.200601
0.0453648
0.0509863
0.119959
0.0610786
0.0522761
0.0253431
0.0506463
0.0891649
0.0178476
0.0505299
0.062195
0.102047
0.0907993
0.110308
0.0420116
0.0783396
0.0622653
0.150193
0.0750806
0.0753399
0.0648749
0.116154
0.156646
0.0256961
0.0571257
0.0160708
0.0606478
0.0248761
0.057206
0.0805767
0.0721532
0.0582638
0.0312848
0.0801729
0.0618192
0.083129
0.0899382
0.0561644
0.102219
0.160976
0.0270011
0.0548445
0.0287857
0.0395096
0.122961
0.075978
0.0732847
0.11264
0.093346
0.0998895
0.138109
0.0696127
0.147082
0.0244315
0.0565819
0.0819665
0.139235
0.0441967
0.0525971
0.0474365
0.123348
0.0640289
0.0749615
0.0323714
0.0870211
0.0701407
0.0968192
0.0920871
0.0593352
0.0453731
0.0500015
0.0163399
0.0580504
0.0715739
0.101383
0.150932
0.166304
0.0862681
0.0772726
0.0565493
0.0914017
0.10525
0.0695161
0.0386322
0.0814911
0.0572593
0.0906878
0.105859
0.0777349
0.0359305
0.0457439
0.0605455
0.072438
0.0352977
0.0347074
0.0482846
0.0763223
0.00659585
0.0652138
0.121352
0.0531256
0.0383003
0.136199
0.0854053
0.0524919
0.0296222
0.103633
0.0392616
0.08235
0.112147
0.028924
0.103053
0.0396601
0.114212
0.0872313
0.0568738
0.113431
0.0985841
0.077533
0.0752283
0.0553171
0.0727813
0.0307145
0.0950547
0.0985571
0.0657355
0.0579285
0.15304
0.0157899
0.0915167
0.0533659
0.0355992
0.0714097
0.0511726
0.229713
0.176447
0.0591896
0.0939194
0.0585757
0.044778
0.0299756
0.0760996
0.0609416
0.0612697
0.109246
0.138535
0.139697
0.152564
0.0387922
0.0277518
0.00680888
0.116541
0.0841208
0.0595
0.133387
0.0506557
0.0474556
0.0560362
0.0552709
0.00856471
0.101123
0.0700012
0.0464291
0.0902311
0.0164696
0.0576909
0.036302
0.0747092
0.0717383
0.11337
0.0597417
0.062287
0.0396206
0.0931521
0.00630666
0.0742895
0.0464363
0.0630516
0.011496
0.0896461
0.0518275
0.0792796
0.0469183
0.0635527
0.0836721
0.0686713
0.0169634
0.0666445
0.156862
0.0278219
0.0858758
0.0625184
0.0406644
0.0713257
0.0662898
0.0314304
0.090738
0.0338219
0.073936
0.0464352
0.00489618
0.0635094
0.0940982
0.0702703
0.102467
0.0513969
0.0288172
0.054652
0.0547141
0.0868106
0.169561
0.110742
0.0655886
0.123852
0.111899
0.0430332
0.0503296
0.0497318
0.0632792
0.128327
0.114382
0.0377078
0.149424
0.0950992
0.0765966
0.0286842
0.0800088
0.076475
0.0729018
0.0732265
0.0336103
0.0982756
0.04711
0.0660113
0.080394
