0 2.92297
20 0.868977
40 0.662296
60 0.475387
80 0.96396
100 0.504738
120 0.646604
140 0.855882
160 0.494614
180 0.652313
200 0.498299
220 0.700641
240 0.603057
260 0.588822
280 0.615657
300 0.323689
320 0.61743
340 0.597931
360 0.441312
380 0.727466
400 0.448398
420 0.559797
440 0.278414
460 0.549048
480 0.45436
500 0.693138
520 0.175248
540 0.374219
560 0.413996
580 0.259563
600 0.490992
620 0.256285
640 0.253217
660 0.371026
680 0.483623
700 0.290365
720 0.206006
740 0.554972
760 0.36502
780 0.53916
800 0.477831
820 0.307985
840 0.486365
860 0.47001
880 0.184533
900 0.689797
920 0.140794
940 0.49595
960 0.498934
980 0.281438
1000 0.706606
1020 0.398707
1040 0.352003
1060 0.424153
1080 0.214425
1100 0.250615
1120 0.543253
1140 0.40093
1160 0.739035
1180 0.601696
1200 0.475996
1220 0.247805
1240 0.32168
1260 0.322808
1280 0.362653
1300 0.339316
1320 0.245913
1340 0.752624
1360 0.426408
1380 0.409007
1400 0.321801
1420 0.506249
1440 0.377353
1460 0.395307
1480 0.474077
1500 0.322238
1520 0.199361
1540 0.423172
1560 0.23042
1580 0.454564
1600 0.604573
1620 0.526796
1640 0.154012
1660 0.24208
1680 0.252328
1700 0.325797
1720 0.325262
1740 0.325836
1760 0.519833
1780 0.489544
1800 0.317709
1820 0.452614
1840 0.110782
1860 0.327904
1880 0.410161
1900 0.314632
1920 0.264407
1940 0.371534
1960 0.259266
1980 0.444215
2000 0.524922
2020 0.4157
2040 0.351859
2060 0.350394
2080 0.417916
2100 0.44881
2120 0.253915
2140 0.1243
2160 0.272614
2180 0.475856
2200 0.368565
2220 0.652735
2240 0.271017
2260 0.342965
2280 0.441899
2300 0.323128
2320 0.327667
2340 0.600454
2360 0.391469
2380 0.360712
2400 0.239649
2420 0.288923
2440 0.394628
2460 0.551283
2480 0.308879
2500 0.175481
2520 0.407815
2540 0.560293
2560 0.33999
2580 0.382018
2600 0.268533
2620 0.531693
2640 0.359059
2660 0.757064
2680 0.480424
2700 0.487348
2720 0.286472
2740 0.399877
2760 0.466886
2780 0.402407
2800 0.412647
2820 0.194954
2840 0.300442
2860 0.517229
2880 0.435512
2900 0.356723
2920 0.36388
2940 0.395849
2960 0.360336
2980 0.33439
3000 0.223681
3020 0.328765
3040 0.393871
3060 0.43957
3080 0.303513
3100 0.188442
3120 0.449028
3140 0.389806
3160 0.223242
3180 0.396332
3200 0.17601
3220 0.306429
3240 0.382867
3260 0.429302
3280 0.184423
3300 0.33819
3320 0.287772
3340 0.464822
3360 0.316774
3380 0.288223
3400 0.608439
3420 0.379127
3440 0.413886
3460 0.528526
3480 0.364628
3500 0.313772
3520 0.273953
3540 0.239848
3560 0.33788
3580 0.175752
3600 0.290203
3620 0.371708
3640 0.375402
3660 0.593085
3680 0.829935
3700 0.367576
3720 0.309887
3740 0.488541
3760 0.437916
3780 0.476309
3800 0.151672
3820 0.333908
3840 0.272686
3860 0.599009
3880 0.291079
3900 0.147907
3920 0.411696
3940 0.447534
3960 0.217378
3980 0.382623
4000 0.393313
4020 0.402203
4040 0.337817
4060 0.424631
4080 0.575937
4100 0.281697
4120 0.23366
4140 0.162907
4160 0.213648
4180 0.304503
4200 0.455768
4220 0.435954
4240 0.226779
4260 0.425604
4280 0.299567
4300 0.124526
4320 0.173922
4340 0.382506
4360 0.507964
4380 0.349432
4400 0.306615
4420 0.275177
4440 0.271561
4460 0.433497
4480 0.343609
4500 0.471231
4520 0.445032
4540 0.37115
4560 0.331308
4580 0.200144
4600 0.201077
4620 0.200253
4640 0.578889
4660 0.345487
4680 0.279644
4700 0.433434
4720 0.296519
4740 0.273598
4760 0.286374
4780 0.431454
4800 0.339045
4820 0.302918
4840 0.221305
4860 0.232549
4880 0.396179
4900 0.31778
4920 0.255125
4940 0.216522
4960 0.346966
4980 0.331273
5000 0.391632
5020 0.310621
5040 0.745852
5060 0.478231
5080 0.339024
5100 0.287683
5120 0.197709
5140 0.409811
5160 0.345464
5180 0.318016
5200 0.427887
5220 0.328402
5240 0.506867
5260 0.273777
5280 0.236882
5300 0.372999
5320 0.197147
5340 0.587917
5360 0.351558
5380 0.148541
5400 0.202417
5420 0.233055
5440 0.248668
5460 0.401932
5480 0.216911
5500 0.322061
5520 0.656956
5540 0.183182
5560 0.235875
5580 0.302908
5600 0.190179
5620 0.316956
5640 0.286034
5660 0.185294
5680 0.295013
5700 0.44092
5720 0.441279
5740 0.321874
5760 0.478164
5780 0.302396
5800 0.345946
5820 0.328162
5840 0.227348
5860 0.28067
5880 0.1806
5900 0.213646
5920 0.350332
5940 0.183389
5960 0.328698
5980 0.424985
6000 0.325396
6020 0.191382
6040 0.271416
6060 0.387524
6080 0.159394
6100 0.29231
6120 0.382543
6140 0.396829
6160 0.354394
6180 0.374156
6200 0.223998
6220 0.503056
6240 0.3148
6260 0.371496
6280 0.585346
6300 0.334188
6320 0.371923
6340 0.362344
6360 0.278963
6380 0.422177
6400 0.443178
6420 0.320065
6440 0.317095
6460 0.303728
6480 0.270057
6500 0.420026
6520 0.247564
6540 0.33658
6560 0.175245
6580 0.505999
6600 0.350546
6620 0.282261
6640 0.231545
6660 0.347662
6680 0.235029
6700 0.547286
6720 0.231416
6740 0.323124
6760 0.28589
6780 0.17496
6800 0.0416436
6820 0.283076
6840 0.163954
6860 0.394811
6880 0.317575
6900 0.172108
6920 0.267031
6940 0.151335
6960 0.452539
6980 0.480655
7000 0.212701
7020 0.224364
7040 0.348196
7060 0.413859
7080 0.394789
7100 0.241737
7120 0.320678
7140 0.0736694
7160 0.305169
7180 0.383461
7200 0.30601
7220 0.207255
7240 0.415927
7260 0.233084
7280 0.307342
7300 0.164156
7320 0.295285
7340 0.281279
7360 0.214458
7380 0.150196
7400 0.295973
7420 0.316087
7440 0.400071
7460 0.202134
7480 0.166851
7500 0.253491
7520 0.26512
7540 0.401559
7560 0.304962
7580 0.331109
7600 0.305052
7620 0.363554
7640 0.159805
7660 0.267381
7680 0.191152
7700 0.39516
7720 0.192145
7740 0.195384
7760 0.310244
7780 0.278141
7800 0.190475
7820 0.341138
7840 0.393787
7860 0.228407
7880 0.207341
7900 0.169635
7920 0.373925
7940 0.342255
7960 0.367792
7980 0.189959
8000 0.289736
8020 0.367768
8040 0.379105
8060 0.301251
8080 0.210392
8100 0.275441
8120 0.352093
8140 0.221955
8160 0.493805
8180 0.239067
8200 0.361783
8220 0.295656
8240 0.205195
8260 0.387632
8280 0.256994
8300 0.325663
8320 0.179089
8340 0.156093
8360 0.383852
8380 0.240379
8400 0.294736
8420 0.134742
8440 0.269848
8460 0.234902
8480 0.185953
8500 0.326785
8520 0.351714
8540 0.178429
8560 0.316347
8580 0.425542
8600 0.216071
8620 0.234676
8640 0.319464
8660 0.441977
8680 0.641246
8700 0.338639
8720 0.280722
8740 0.137095
8760 0.316621
8780 0.372962
8800 0.338726
8820 0.181382
8840 0.20484
8860 0.355154
8880 0.267616
8900 0.267513
8920 0.58138
8940 0.37752
8960 0.463732
8980 0.50124
9000 0.36758
9020 0.125161
9040 0.262095
9060 0.284685
9080 0.354096
9100 0.327815
9120 0.380171
9140 0.439727
9160 0.379254
9180 0.294319
9200 0.274778
9220 0.252939
9240 0.182175
9260 0.151402
9280 0.292458
9300 0.177086
9320 0.11437
9340 0.255531
9360 0.291943
9380 0.467796
9400 0.292193
9420 0.257822
9440 0.479299
9460 0.355348
9480 0.451035
9500 0.47263
9520 0.378173
9540 0.126743
9560 0.285962
9580 0.2274
9600 0.172044
9620 0.17036
9640 0.247691
9660 0.223233
9680 0.294122
9700 0.291205
9720 0.321253
9740 0.357866
9760 0.254729
9780 0.22531
9800 0.289526
9820 0.588839
9840 0.632829
9860 0.157324
9880 0.173334
9900 0.39426
9920 0.320901
9940 0.270449
9960 0.222255
9980 0.245245
10000 0.445517
10020 0.250788
10040 0.402446
10060 0.235903
10080 0.279393
10100 0.308934
10120 0.231859
10140 0.23946
10160 0.25966
10180 0.499183
10200 0.309789
10220 0.250969
10240 0.542888
10260 0.359606
10280 0.380717
10300 0.342777
10320 0.0931152
10340 0.311162
10360 0.213423
10380 0.337919
10400 0.395434
10420 0.144265
10440 0.360418
10460 0.221498
10480 0.280743
10500 0.326431
10520 0.648245
10540 0.213102
10560 0.239919
10580 0.326458
10600 0.238053
10620 0.201139
10640 0.292696
10660 0.201016
10680 0.148484
10700 0.365318
10720 0.476737
10740 0.199187
10760 0.473121
10780 0.274065
10800 0.282385
10820 0.379658
10840 0.37694
10860 0.236622
10880 0.132274
10900 0.29427
10920 0.337253
10940 0.206394
10960 0.177949
10980 0.333553
11000 0.252476
11020 0.524333
11040 0.297029
11060 0.165706
11080 0.186531
11100 0.449148
11120 0.459525
11140 0.298265
11160 0.401796
11180 0.158924
11200 0.344581
11220 0.235282
11240 0.366498
11260 0.3448
11280 0.440625
11300 0.204174
11320 0.362284
11340 0.403767
11360 0.38877
11380 0.244045
11400 0.409937
11420 0.262933
11440 0.418413
11460 0.161638
11480 0.155676
11500 0.310083
11520 0.344524
11540 0.228681
11560 0.291811
11580 0.148837
11600 0.281447
11620 0.428489
11640 0.0800803
11660 0.151341
11680 0.209262
11700 0.481228
11720 0.482111
11740 0.252715
11760 0.438622
11780 0.234485
11800 0.368293
11820 0.332944
11840 0.238189
11860 0.36987
11880 0.296413
11900 0.371306
11920 0.578768
11940 0.339858
11960 0.294075
11980 0.26196
12000 0.256114
12020 0.209785
12040 0.349378
12060 0.140365
12080 0.290439
12100 0.266167
12120 0.242641
12140 0.349732
12160 0.402093
12180 0.439409
12200 0.390829
12220 0.0931375
12240 0.172462
12260 0.252252
12280 0.371791
12300 0.408657
12320 0.121757
12340 0.238842
12360 0.289179
12380 0.448671
12400 0.298003
12420 0.197631
12440 0.303014
12460 0.49574
12480 0.185913
12500 0.159621
12520 0.172766
12540 0.192532
12560 0.243994
12580 0.216722
12600 0.170408
12620 0.0790338
12640 0.32631
12660 0.272425
12680 0.390373
12700 0.238452
12720 0.258483
12740 0.288269
12760 0.265708
12780 0.294867
12800 0.146717
12820 0.19804
12840 0.306234
12860 0.364958
12880 0.34797
12900 0.119449
12920 0.175999
12940 0.143556
12960 0.262129
12980 0.180332
13000 0.415271
13020 0.387479
13040 0.204755
13060 0.333697
13080 0.232187
13100 0.213288
13120 0.464253
13140 0.277994
13160 0.0516625
13180 0.272329
13200 0.124151
13220 0.377103
13240 0.313263
13260 0.183108
13280 0.568744
13300 0.21988
13320 0.366656
13340 0.286502
13360 0.19492
13380 0.243812
13400 0.182758
13420 0.249798
13440 0.154756
13460 0.165356
13480 0.270187
13500 0.345281
13520 0.395256
13540 0.407761
13560 0.214817
13580 0.149337
13600 0.285812
13620 0.144478
13640 0.377265
13660 0.273541
13680 0.341889
13700 0.220701
13720 0.364854
13740 0.351906
13760 0.221787
13780 0.301172
13800 0.168942
13820 0.372204
13840 0.271464
13860 0.193406
13880 0.170887
13900 0.105147
13920 0.0942475
13940 0.405592
13960 0.286589
13980 0.292085
14000 0.213086
14020 0.3034
14040 0.241102
14060 0.151346
14080 0.290699
14100 0.245551
14120 0.0830882
14140 0.275094
14160 0.32038
14180 0.113773
14200 0.327249
14220 0.2464
14240 0.308151
14260 0.227689
14280 0.206434
14300 0.205805
14320 0.210378
14340 0.332085
14360 0.351594
14380 0.189131
14400 0.29109
14420 0.227812
14440 0.338519
14460 0.316166
14480 0.233521
14500 0.349657
14520 0.313552
14540 0.366911
14560 0.334773
14580 0.442462
14600 0.34349
14620 0.319838
14640 0.285826
14660 0.346468
14680 0.128423
14700 0.360373
14720 0.300112
14740 0.277856
14760 0.393213
14780 0.274836
14800 0.194165
14820 0.422382
14840 0.365244
14860 0.343182
14880 0.189272
14900 0.263391
14920 0.253322
14940 0.243247
14960 0.224957
14980 0.293124
15000 0.0415344
15020 0.160098
15040 0.467242
15060 0.246734
15080 0.331658
15100 0.28692
15120 0.226626
15140 0.227237
15160 0.29465
15180 0.390648
15200 0.145945
15220 0.220061
15240 0.259144
15260 0.210223
15280 0.181633
15300 0.351102
15320 0.107165
15340 0.257468
15360 0.379393
15380 0.266164
15400 0.129153
15420 0.357721
15440 0.364035
15460 0.160211
15480 0.228633
15500 0.201481
15520 0.303555
15540 0.243866
15560 0.237365
15580 0.187873
15600 0.119059
15620 0.376036
15640 0.41755
15660 0.233809
15680 0.425057
15700 0.190962
15720 0.233367
15740 0.13137
15760 0.424933
15780 0.243277
15800 0.432534
15820 0.302177
15840 0.37708
15860 0.200705
15880 0.364662
15900 0.216481
15920 0.354927
15940 0.263693
15960 0.250505
15980 0.245632
16000 0.5356
16020 0.302099
16040 0.285332
16060 0.272189
16080 0.281375
16100 0.19545
16120 0.335578
16140 0.259079
16160 0.147152
16180 0.27622
16200 0.472432
16220 0.160638
16240 0.277188
16260 0.268719
16280 0.300889
16300 0.164194
16320 0.32891
16340 0.276736
16360 0.124517
16380 0.339812
16400 0.358331
16420 0.301757
16440 0.199715
16460 0.332576
16480 0.515713
16500 0.220821
16520 0.354065
16540 0.29851
16560 0.280031
16580 0.293569
16600 0.170074
16620 0.204467
16640 0.155629
16660 0.200483
16680 0.475189
16700 0.21231
16720 0.222683
16740 0.351395
16760 0.38716
16780 0.197334
16800 0.288072
16820 0.268019
16840 0.198439
16860 0.0984303
16880 0.156747
16900 0.332176
16920 0.290176
16940 0.515801
16960 0.142769
16980 0.290504
17000 0.156466
17020 0.321981
17040 0.273606
17060 0.216542
17080 0.460057
17100 0.200918
17120 0.193269
17140 0.24091
17160 0.390009
17180 0.274479
17200 0.127676
17220 0.425331
17240 0.376278
17260 0.365357
17280 0.267821
17300 0.14549
17320 0.380707
17340 0.293752
17360 0.184413
17380 0.267524
17400 0.15743
17420 0.303618
17440 0.160408
17460 0.213488
17480 0.192956
17500 0.206016
17520 0.217878
17540 0.195018
17560 0.212779
17580 0.175447
17600 0.315181
17620 0.223685
17640 0.156283
17660 0.254627
17680 0.332638
17700 0.360544
17720 0.247697
17740 0.191115
17760 0.274315
17780 0.270985
17800 0.192167
17820 0.201874
17840 0.294397
17860 0.237005
17880 0.376999
17900 0.259929
17920 0.244586
17940 0.112134
17960 0.214575
17980 0.230791
18000 0.25779
18020 0.180452
18040 0.244294
18060 0.290303
18080 0.18721
18100 0.324962
18120 0.383614
18140 0.335823
18160 0.148526
18180 0.168065
18200 0.291749
18220 0.33627
18240 0.303789
18260 0.274451
18280 0.279876
18300 0.308537
18320 0.308533
18340 0.415876
18360 0.303626
18380 0.459201
18400 0.219208
18420 0.229714
18440 0.319544
18460 0.270144
18480 0.149688
18500 0.248381
18520 0.372331
18540 0.256627
18560 0.193525
18580 0.215163
18600 0.358382
18620 0.246841
18640 0.174172
18660 0.403538
18680 0.378219
18700 0.333386
18720 0.267667
18740 0.164501
18760 0.154398
18780 0.416849
18800 0.258524
18820 0.222247
18840 0.303701
18860 0.172625
18880 0.555384
18900 0.396012
18920 0.302326
18940 0.276715
18960 0.283735
18980 0.288337
19000 0.12928
19020 0.506812
19040 0.107487
19060 0.298741
19080 0.376289
19100 0.247622
19120 0.370326
19140 0.306784
19160 0.166393
19180 0.278386
19200 0.383664
19220 0.214158
19240 0.181351
19260 0.340274
19280 0.540514
19300 0.294344
19320 0.249572
19340 0.286644
19360 0.16478
19380 0.37471
19400 0.387557
19420 0.275261
19440 0.168787
19460 0.157886
19480 0.23681
19500 0.249528
19520 0.213548
19540 0.454326
19560 0.194406
19580 0.135345
19600 0.205152
19620 0.196919
19640 0.188295
19660 0.384414
19680 0.28717
19700 0.229303
19720 0.345092
19740 0.384266
19760 0.273886
19780 0.357152
19800 0.304121
19820 0.457394
19840 0.218263
19860 0.40649
19880 0.344048
19900 0.328433
19920 0.415538
19940 0.234946
19960 0.541201
19980 0.254121
20000 0.355867
20020 0.0721403
20040 0.317323
20060 0.256935
20080 0.33275
20100 0.358608
20120 0.444483
20140 0.32544
20160 0.233676
20180 0.14677
20200 0.199573
20220 0.261743
20240 0.159963
20260 0.185714
20280 0.258161
20300 0.270958
20320 0.366126
20340 0.198248
20360 0.194818
20380 0.347957
20400 0.350988
20420 0.289828
20440 0.186047
20460 0.271255
20480 0.259703
20500 0.166182
20520 0.0817387
20540 0.46392
20560 0.455057
20580 0.190275
20600 0.375971
20620 0.190001
20640 0.403898
20660 0.328255
20680 0.228675
20700 0.211375
20720 0.283384
20740 0.277608
20760 0.253333
20780 0.2155
20800 0.104473
20820 0.17067
20840 0.366306
20860 0.315274
20880 0.244655
20900 0.360923
20920 0.25049
20940 0.392102
20960 0.255446
20980 0.183804
21000 0.174746
21020 0.40058
21040 0.272493
21060 0.276584
21080 0.192983
21100 0.419187
21120 0.349565
21140 0.218917
21160 0.438341
21180 0.222801
21200 0.272866
21220 0.326823
21240 0.326817
21260 0.324574
21280 0.212
21300 0.266723
21320 0.240418
21340 0.142045
21360 0.280547
21380 0.221659
21400 0.224138
21420 0.414065
21440 0.299656
21460 0.325043
21480 0.317057
21500 0.320494
21520 0.361696
21540 0.248954
21560 0.23015
21580 0.140325
21600 0.245124
21620 0.287732
21640 0.227847
21660 0.401321
21680 0.16557
21700 0.301346
21720 0.216361
21740 0.254079
21760 0.345216
21780 0.332224
21800 0.12772
21820 0.0879166
21840 0.262645
21860 0.285181
21880 0.32668
21900 0.198934
21920 0.288001
21940 0.223535
21960 0.35587
21980 0.300082
22000 0.283726
22020 0.374254
22040 0.311485
22060 0.313912
22080 0.244499
22100 0.111116
22120 0.163559
22140 0.16687
22160 0.104816
22180 0.535697
22200 0.132585
22220 0.180579
22240 0.268862
22260 0.190658
22280 0.237518
22300 0.297187
22320 0.201394
22340 0.242103
22360 0.299631
22380 0.298885
22400 0.208145
22420 0.635564
22440 0.262909
22460 0.261299
22480 0.273987
22500 0.304793
22520 0.342428
22540 0.2058
22560 0.14789
22580 0.241778
22600 0.198616
22620 0.312272
22640 0.218564
22660 0.304533
22680 0.411278
22700 0.369892
22720 0.352752
22740 0.472302
22760 0.160161
22780 0.367019
22800 0.263224
22820 0.0858523
22840 0.239346
22860 0.167141
22880 0.277968
22900 0.227659
22920 0.397282
22940 0.291176
22960 0.333356
22980 0.422354
23000 0.192357
23020 0.2758
23040 0.335059
23060 0.203014
23080 0.168519
23100 0.178543
23120 0.328961
23140 0.193601
23160 0.130931
23180 0.32611
23200 0.0981173
23220 0.18824
23240 0.343747
23260 0.520958
23280 0.268671
23300 0.135036
23320 0.181302
23340 0.20032
23360 0.243537
23380 0.131756
23400 0.489532
23420 0.169222
23440 0.340941
23460 0.420596
23480 0.279861
23500 0.153206
23520 0.205972
23540 0.0572809
23560 0.33154
23580 0.140742
23600 0.241863
23620 0.33135
23640 0.194026
23660 0.313862
23680 0.164242
23700 0.394759
23720 0.257027
23740 0.219595
23760 0.177646
23780 0.281217
23800 0.146996
23820 0.249357
23840 0.309834
23860 0.251536
23880 0.259778
23900 0.269329
23920 0.200351
23940 0.251452
23960 0.266763
23980 0.199354
24000 0.394151
24020 0.31084
24040 0.120682
24060 0.160554
24080 0.1853
24100 0.200467
24120 0.257682
24140 0.228705
24160 0.202158
24180 0.296076
24200 0.115867
24220 0.310112
24240 0.081731
24260 0.359715
24280 0.326405
24300 0.154677
24320 0.194401
24340 0.170908
24360 0.219897
24380 0.327949
24400 0.255835
24420 0.199123
24440 0.283065
24460 0.405479
24480 0.35856
24500 0.32596
24520 0.222406
24540 0.310718
24560 0.375327
24580 0.198889
24600 0.257429
24620 0.192058
24640 0.295563
24660 0.202992
24680 0.268666
24700 0.321705
24720 0.297667
24740 0.267285
24760 0.207369
24780 0.132065
24800 0.202044
24820 0.32042
24840 0.204122
24860 0.189672
24880 0.301695
24900 0.377655
24920 0.318742
24940 0.173455
24960 0.38145
24980 0.205888
25000 0.430803
25020 0.253722
25040 0.353666
25060 0.369084
25080 0.227927
25100 0.234923
25120 0.398898
25140 0.312631
25160 0.240065
25180 0.19175
25200 0.195406
25220 0.200891
25240 0.255226
25260 0.139918
25280 0.166002
25300 0.225903
25320 0.313658
25340 0.516699
25360 0.212841
25380 0.42556
25400 0.162187
25420 0.285793
25440 0.319787
25460 0.629725
25480 0.0454935
25500 0.244502
25520 0.262888
25540 0.123517
25560 0.201562
25580 0.450201
25600 0.411085
25620 0.287682
25640 0.238475
25660 0.186885
25680 0.166827
25700 0.279852
25720 0.264879
25740 0.182509
25760 0.253151
25780 0.224604
25800 0.432992
25820 0.279926
25840 0.111547
25860 0.210783
25880 0.333589
25900 0.270998
25920 0.351981
25940 0.284212
25960 0.194116
25980 0.298277
26000 0.193259
26020 0.217211
26040 0.316247
26060 0.265538
26080 0.173515
26100 0.263822
26120 0.323998
26140 0.350474
26160 0.148274
26180 0.426645
26200 0.448609
26220 0.259879
26240 0.328051
26260 0.407481
26280 0.286482
26300 0.208524
26320 0.25925
26340 0.321915
26360 0.295181
26380 0.317191
26400 0.129176
26420 0.0737178
26440 0.295365
26460 0.287615
26480 0.144903
26500 0.313582
26520 0.19965
26540 0.487459
26560 0.354983
26580 0.189796
26600 0.180287
26620 0.22179
26640 0.38871
26660 0.408184
26680 0.0502457
26700 0.400796
26720 0.281508
26740 0.105202
26760 0.231817
26780 0.256261
26800 0.158137
26820 0.143216
26840 0.350243
26860 0.265366
26880 0.26383
26900 0.253103
26920 0.345791
26940 0.207305
26960 0.305211
26980 0.391002
27000 0.256151
27020 0.153796
27040 0.300422
27060 0.173505
27080 0.183976
27100 0.25757
27120 0.319881
27140 0.208188
27160 0.280076
27180 0.230376
27200 0.139492
27220 0.191076
27240 0.0718537
27260 0.257551
27280 0.151202
27300 0.202969
27320 0.361402
27340 0.111995
27360 0.295406
27380 0.188889
27400 0.367862
27420 0.138121
27440 0.234507
27460 0.324109
27480 0.31686
27500 0.269068
27520 0.335756
27540 0.503276
27560 0.285235
27580 0.240694
27600 0.283273
27620 0.360628
27640 0.147426
27660 0.377245
27680 0.131859
27700 0.12912
27720 0.190565
27740 0.371718
27760 0.323754
27780 0.31397
27800 0.31867
27820 0.158849
27840 0.245715
27860 0.234579
27880 0.225156
27900 0.133508
27920 0.209478
27940 0.232248
27960 0.364316
27980 0.146852
28000 0.203465
28020 0.227282
28040 0.392956
28060 0.274688
28080 0.307902
28100 0.490031
28120 0.130122
28140 0.182177
28160 0.0526772
28180 0.330088
28200 0.161602
28220 0.229703
28240 0.26338
28260 0.25473
28280 0.283563
28300 0.25916
28320 0.149937
28340 0.273573
28360 0.13296
28380 0.278837
28400 0.0630715
28420 0.188286
28440 0.235389
28460 0.215385
28480 0.329646
28500 0.204151
28520 0.341448
28540 0.144219
28560 0.0859823
28580 0.214746
28600 0.230213
28620 0.208349
28640 0.318679
28660 0.309058
28680 0.179345
28700 0.308871
28720 0.169677
28740 0.166766
28760 0.228742
28780 0.328124
28800 0.314258
28820 0.291025
28840 0.211767
28860 0.345715
28880 0.212723
28900 0.239523
28920 0.181909
28940 0.37375
28960 0.22405
28980 0.205095
29000 0.262593
29020 0.111331
29040 0.460676
29060 0.247797
29080 0.270752
29100 0.172295
29120 0.276275
29140 0.224832
29160 0.214139
29180 0.490127
29200 0.216452
29220 0.345884
29240 0.203187
29260 0.148268
29280 0.285461
29300 0.130376
29320 0.441053
29340 0.171346
29360 0.149599
29380 0.2015
29400 0.336597
29420 0.453408
29440 0.189527
29460 0.110276
29480 0.237373
29500 0.126333
29520 0.203686
29540 0.261445
29560 0.201491
29580 0.21985
29600 0.271611
29620 0.266223
29640 0.309372
29660 0.293779
29680 0.219491
29700 0.256754
29720 0.262144
29740 0.195581
29760 0.258784
29780 0.132299
29800 0.190336
29820 0.376535
29840 0.21706
29860 0.105854
29880 0.127524
29900 0.201152
29920 0.149555
29940 0.157073
29960 0.283502
29980 0.288256
30000 0.277589
30020 0.18932
30040 0.228348
30060 0.134154
30080 0.256737
30100 0.136842
30120 0.21356
30140 0.359783
30160 0.272458
30180 0.236638
30200 0.136907
30220 0.291798
30240 0.186038
30260 0.244205
30280 0.361676
30300 0.154384
30320 0.123142
30340 0.438024
30360 0.203942
30380 0.136466
30400 0.130328
30420 0.157154
30440 0.233178
30460 0.299155
30480 0.32906
30500 0.413575
30520 0.175173
30540 0.220714
30560 0.204341
30580 0.233555
30600 0.285538
30620 0.258302
30640 0.290041
30660 0.227055
30680 0.143304
30700 0.0978412
30720 0.211146
30740 0.0914684
30760 0.223222
30780 0.301263
30800 0.260396
30820 0.279822
30840 0.30387
30860 0.149572
30880 0.201457
30900 0.150006
30920 0.194903
30940 0.0690413
30960 0.198329
30980 0.164049
31000 0.15206
31020 0.316159
31040 0.335754
31060 0.150616
31080 0.259861
31100 0.284263
31120 0.17134
31140 0.157935
31160 0.133185
31180 0.386681
31200 0.2217
31220 0.239909
31240 0.193457
31260 0.128546
31280 0.326379
31300 0.20403
31320 0.209384
31340 0.148852
31360 0.339018
31380 0.202474
31400 0.146748
31420 0.116611
31440 0.0913144
31460 0.227277
31480 0.182074
31500 0.17059
31520 0.295024
31540 0.0723508
31560 0.229254
31580 0.306244
31600 0.282884
31620 0.198261
31640 0.147386
31660 0.224034
31680 0.17511
31700 0.182605
31720 0.200345
31740 0.330186
31760 0.21261
31780 0.241948
31800 0.277142
31820 0.384865
31840 0.379446
31860 0.320059
31880 0.223752
31900 0.233959
31920 0.179341
31940 0.141134
31960 0.234354
31980 0.175097
32000 0.101564
32020 0.10691
32040 0.175087
32060 0.241329
32080 0.282688
32100 0.125605
32120 0.499226
32140 0.353886
32160 0.326959
32180 0.29305
32200 0.133112
32220 0.211845
32240 0.293819
32260 0.217663
32280 0.237784
32300 0.30739
32320 0.438558
32340 0.18603
32360 0.188415
32380 0.204448
32400 0.181496
32420 0.383608
32440 0.32321
32460 0.21747
32480 0.193329
32500 0.174274
32520 0.413374
32540 0.138566
32560 0.158032
32580 0.235321
32600 0.222626
32620 0.165365
32640 0.130352
32660 0.337355
32680 0.268234
32700 0.180667
32720 0.140254
32740 0.234918
32760 0.445071
32780 0.448407
32800 0.123307
32820 0.167911
32840 0.130177
32860 0.252697
32880 0.194883
32900 0.166126
32920 0.203641
32940 0.280036
32960 0.184937
32980 0.301662
33000 0.098266
33020 0.201524
33040 0.307023
33060 0.296207
33080 0.219973
33100 0.284586
33120 0.304226
33140 0.225358
33160 0.117339
33180 0.178661
33200 0.298104
33220 0.128766
33240 0.230818
33260 0.234407
33280 0.112041
33300 0.175123
33320 0.257403
33340 0.128264
33360 0.224322
33380 0.241857
33400 0.216683
33420 0.145285
33440 0.372858
33460 0.363066
33480 0.367181
33500 0.109784
33520 0.225251
33540 0.207792
33560 0.317761
33580 0.217685
33600 0.230486
33620 0.250775
33640 0.340322
33660 0.0804787
33680 0.351847
33700 0.311365
33720 0.385329
33740 0.156866
33760 0.197472
33780 0.106694
33800 0.191003
33820 0.264422
33840 0.140391
33860 0.170748
33880 0.105735
33900 0.245195
33920 0.226938
33940 0.389268
33960 0.149676
33980 0.318847
34000 0.190502
34020 0.267682
34040 0.147253
34060 0.374588
34080 0.275981
34100 0.239812
34120 0.110968
34140 0.34747
34160 0.18531
34180 0.255673
34200 0.209884
34220 0.144494
34240 0.144999
34260 0.142651
34280 0.253259
34300 0.193087
34320 0.130204
34340 0.254003
34360 0.191331
34380 0.200036
34400 0.446475
34420 0.384521
34440 0.268089
34460 0.22867
34480 0.169616
34500 0.246656
34520 0.255357
34540 0.209885
34560 0.234191
34580 0.362552
34600 0.298891
34620 0.154402
34640 0.169937
34660 0.148765
34680 0.110094
34700 0.111543
34720 0.134306
34740 0.210583
34760 0.172058
34780 0.202134
34800 0.431712
34820 0.2196
34840 0.375915
34860 0.180209
34880 0.1038
34900 0.168518
34920 0.134664
34940 0.258216
34960 0.196534
34980 0.158675
35000 0.168999
35020 0.182565
35040 0.300735
35060 0.187639
35080 0.192979
35100 0.168237
35120 0.244557
35140 0.164081
35160 0.135578
35180 0.300033
35200 0.24368
35220 0.19954
35240 0.205621
35260 0.262327
35280 0.524829
35300 0.226941
35320 0.152245
35340 0.234909
35360 0.246969
35380 0.2818
35400 0.133328
35420 0.258659
35440 0.252446
35460 0.0635761
35480 0.373315
35500 0.30569
35520 0.233985
35540 0.184107
35560 0.319865
35580 0.185291
35600 0.133822
35620 0.187282
35640 0.236391
35660 0.169282
35680 0.207797
35700 0.271683
35720 0.249921
35740 0.341565
35760 0.137605
35780 0.238541
35800 0.13608
35820 0.204512
35840 0.0674163
35860 0.220776
35880 0.208279
35900 0.159623
35920 0.211917
35940 0.169958
35960 0.177645
35980 0.181098
36000 0.217836
36020 0.295917
36040 0.180454
36060 0.265658
36080 0.314336
36100 0.264331
36120 0.145018
36140 0.151169
36160 0.100705
36180 0.320837
36200 0.216198
36220 0.254872
36240 0.199506
36260 0.313312
36280 0.313853
36300 0.217719
36320 0.295723
36340 0.379577
36360 0.165813
36380 0.269684
36400 0.264426
36420 0.284224
36440 0.174902
36460 0.167813
36480 0.239838
36500 0.40642
36520 0.163388
36540 0.329981
36560 0.208032
36580 0.231099
36600 0.323973
36620 0.300231
36640 0.186816
36660 0.139004
36680 0.201445
36700 0.100762
36720 0.192682
36740 0.211424
36760 0.231864
36780 0.384811
36800 0.297655
36820 0.262917
36840 0.186936
36860 0.171812
36880 0.107525
36900 0.281177
36920 0.32472
36940 0.306968
36960 0.197535
36980 0.170138
37000 0.238363
37020 0.188461
37040 0.326137
37060 0.282204
37080 0.0937525
37100 0.144618
37120 0.179278
37140 0.273631
37160 0.052385
37180 0.201991
37200 0.255552
37220 0.284214
37240 0.123831
37260 0.244901
37280 0.240858
37300 0.252072
37320 0.0820197
37340 0.305898
37360 0.163047
37380 0.151985
37400 0.309583
37420 0.211463
37440 0.179036
37460 0.309894
37480 0.200769
37500 0.0712452
37520 0.172392
37540 0.187378
37560 0.328403
37580 0.32467
37600 0.166941
37620 0.335748
37640 0.434529
37660 0.235344
37680 0.126536
37700 0.157538
37720 0.198467
37740 0.133188
37760 0.254383
37780 0.185148
37800 0.224802
37820 0.110362
37840 0.296306
37860 0.159486
37880 0.324713
37900 0.172915
37920 0.169843
37940 0.163206
37960 0.175125
37980 0.473632
38000 0.282026
38020 0.149475
38040 0.321234
38060 0.139907
38080 0.117839
38100 0.104504
38120 0.190607
38140 0.239936
38160 0.169053
38180 0.352136
38200 0.318959
38220 0.39849
38240 0.346276
38260 0.228617
38280 0.262991
38300 0.235434
38320 0.220667
38340 0.218161
38360 0.122077
38380 0.213933
38400 0.236197
38420 0.182623
38440 0.139939
38460 0.177077
38480 0.126147
38500 0.289674
38520 0.121818
38540 0.209793
38560 0.267151
38580 0.107618
38600 0.165187
38620 0.142991
38640 0.264523
38660 0.25198
38680 0.216489
38700 0.256321
38720 0.204038
38740 0.246234
38760 0.228509
38780 0.100199
38800 0.299889
38820 0.14955
38840 0.273452
38860 0.0918481
38880 0.204594
38900 0.266508
38920 0.18202
38940 0.210169
38960 0.216508
38980 0.199765
39000 0.210515
39020 0.11466
39040 0.230986
39060 0.39759
39080 0.220236
39100 0.286007
39120 0.245002
39140 0.159681
39160 0.231323
39180 0.196529
39200 0.189662
39220 0.156314
39240 0.24192
39260 0.262544
39280 0.208306
39300 0.0994245
39320 0.240011
39340 0.397515
39360 0.155423
39380 0.202524
39400 0.221704
39420 0.160403
39440 0.310363
39460 0.129416
39480 0.18393
39500 0.275238
39520 0.214038
39540 0.320797
39560 0.301782
39580 0.216571
39600 0.211031
39620 0.148135
39640 0.316125
39660 0.255636
39680 0.236586
39700 0.154883
39720 0.185448
39740 0.306088
39760 0.285206
39780 0.213435
39800 0.160031
39820 0.252981
39840 0.246099
39860 0.246654
39880 0.243022
39900 0.28285
39920 0.293008
39940 0.107472
39960 0.183801
39980 0.125825
