0.342315
0.361452
0.211327
0.272336
0.341595
0.106531
0.309254
0.384271
0.301184
0.283649
0.256301
0.401494
0.37157
0.389385
0.353252
0.0894233
0.350969
0.304197
0.353371
0.331949
0.27354
0.290642
0.136962
0.290323
0.245654
0.360316
0.0855717
0.236279
0.279236
0.0803353
0.233845
0.176657
0.115181
0.273114
0.29744
0.149605
0.0553119
0.274879
0.233798
0.332837
0.304338
0.231568
0.255785
0.31065
0.0770098
0.331141
0.0807462
0.263159
0.357228
0.226333
0.342737
0.287263
0.221588
0.244175
0.116526
0.0992029
0.337359
0.205638
0.236303
0.267048
0.303402
0.090014
0.264936
0.19087
0.280523
0.188297
0.174472
0.469481
0.249004
0.262562
0.218065
0.277697
0.241302
0.293832
0.311737
0.212851
0.118653
0.215498
0.058907
0.338491
0.253859
0.321593
0.0667082
0.201371
0.194581
0.266018
0.148432
0.197906
0.374482
0.246069
0.207643
0.278498
0.0369151
0.190181
0.308246
0.229964
0.146876
0.211
0.138086
0.333643
0.342832
0.342099
0.219396
0.212125
0.142484
0.319877
0.131602
0.0740471
0.167
0.369634
0.284235
0.355357
0.171751
0.149448
0.296601
0.216365
0.225503
0.420308
0.23737
0.231841
0.145329
0.171859
0.25683
0.251602
0.210571
0.0968794
0.278569
0.337276
0.231494
0.290444
0.160532
0.359511
0.239739
0.395521
0.294195
0.288437
0.197357
0.297209
0.312509
0.248969
0.296886
0.14228
0.243453
0.203724
0.284752
0.244642
0.226664
0.25594
0.187488
0.188685
0.0992242
0.204708
0.215134
0.296697
0.181594
0.100109
0.284707
0.225717
0.151917
0.28846
0.103876
0.240256
0.266877
0.313796
0.149382
0.248249
0.208508
0.200375
0.182407
0.102052
0.450098
0.260187
0.210921
0.404585
0.176192
0.160394
0.116788
0.116764
0.227591
0.0660895
0.203185
0.227251
0.222496
0.224058
0.346654
0.250855
0.191917
0.335995
0.285228
0.255952
0.0667484
0.203591
0.179643
0.376967
0.179208
0.114374
0.244616
0.266211
0.153106
0.306108
0.26764
0.307425
0.208869
0.217323
0.448047
0.172759
0.123718
0.0958546
0.0731355
0.18098
0.304797
0.288264
0.150028
0.258373
0.250386
0.0974865
0.0750508
0.250802
0.304555
0.219457
0.230079
0.227026
0.149797
0.345209
0.235098
0.284629
0.28728
0.238957
0.209945
0.112495
0.133777
0.159236
0.292979
0.207518
0.176747
0.265925
0.16531
0.145483
0.16458
0.295001
0.212888
0.236354
0.126245
0.137454
0.306351
0.220962
0.136422
0.16975
0.242552
0.204452
0.232784
0.223228
0.364382
0.330147
0.238723
0.150602
0.0818431
0.25869
0.166518
0.162451
0.303883
0.186968
0.331691
0.199142
0.155453
0.156661
0.100093
0.395555
0.237922
0.0859053
0.12088
0.153653
0.190863
0.167487
0.145142
0.232329
0.355452
0.136449
0.134766
0.198636
0.0981101
0.152469
0.102767
0.128562
0.150625
0.296112
0.367953
0.20468
0.334744
0.24914
0.266638
0.203821
0.138699
0.211233
0.129726
0.134978
0.193504
0.11481
0.267646
0.292965
0.238285
0.141129
0.157421
0.277421
0.1277
0.195863
0.277677
0.273206
0.228152
0.289455
0.109395
0.284187
0.188092
0.192876
0.295843
0.243942
0.241901
0.209903
0.214567
0.203174
0.26179
0.208189
0.216748
0.261718
0.11156
0.260611
0.156079
0.199881
0.158186
0.247859
0.296318
0.209379
0.154814
0.212299
0.125255
0.321099
0.140248
0.209681
0.223111
0.0784252
0.0246861
0.144424
0.0991183
0.233301
0.243141
0.117412
0.200676
0.106271
0.348688
0.315184
0.132482
0.113371
0.211044
0.236157
0.285908
0.121276
0.184602
0.0219343
0.230615
0.202202
0.212833
0.158167
0.271513
0.129118
0.209272
0.084889
0.149108
0.16484
0.152982
0.0868266
0.267845
0.229291
0.254657
0.148181
0.0889943
0.137568
0.174156
0.210596
0.22787
0.282546
0.163347
0.209123
0.122945
0.177074
0.115963
0.263972
0.152761
0.0811932
0.229834
0.159592
0.141926
0.254661
0.301351
0.137559
0.115907
0.131019
0.302821
0.214985
0.208509
0.122795
0.188084
0.231431
0.288693
0.124744
0.125132
0.197555
0.175753
0.190199
0.200615
0.180702
0.223464
0.190783
0.0992279
0.207389
0.180162
0.192762
0.134215
0.0920937
0.180201
0.177485
0.18576
0.0586
0.15131
0.190179
0.0990646
0.233727
0.189757
0.124028
0.20958
0.276274
0.166231
0.152245
0.194567
0.27657
0.395051
0.185178
0.126766
0.100908
0.194992
0.243365
0.164051
0.1179
0.0788545
0.227936
0.189606
0.194065
0.460142
0.184178
0.252819
0.284337
0.225433
0.0893371
0.205945
0.196286
0.235047
0.193699
0.272437
0.297057
0.265129
0.172454
0.19484
0.148469
0.119573
0.0719826
0.179905
0.129638
0.0341586
0.200037
0.174069
0.252488
0.207231
0.200202
0.316401
0.259156
0.243725
0.295265
0.187502
0.103684
0.22204
0.15353
0.108526
0.103396
0.198556
0.128024
0.18411
0.242133
0.248611
0.266022
0.165549
0.179193
0.198448
0.259356
0.393536
0.100955
0.0689698
0.203408
0.214701
0.163104
0.152896
0.191264
0.324959
0.199795
0.243917
0.11457
0.15318
0.221798
0.121377
0.127278
0.128177
0.289177
0.249351
0.163661
0.295526
0.226827
0.269004
0.209323
0.0486019
0.248249
0.139721
0.215003
0.224588
0.115695
0.242868
0.0786843
0.194425
0.205075
0.301051
0.177114
0.193471
0.218022
0.184401
0.113425
0.209521
0.13327
0.101235
0.183141
0.301056
0.162726
0.366728
0.14978
0.202314
0.237074
0.280135
0.115974
0.121692
0.171668
0.218836
0.135075
0.0676505
0.267642
0.18975
0.373817
0.164811
0.0337078
0.0921521
0.198936
0.278449
0.200317
0.217376
0.100069
0.250108
0.154581
0.22811
0.136664
0.266056
0.0976575
0.235586
0.243699
0.344296
0.129679
0.314869
0.217813
0.219549
0.131955
0.100997
0.239597
0.236125
0.200752
0.183534
0.0628798
0.165443
0.303676
0.063026
0.0717025
0.0977476
0.290758
0.239464
0.140693
0.321983
0.162165
0.173544
0.204621
0.138356
0.238943
0.168109
0.246679
0.360994
0.241425
0.184057
0.136587
0.12183
0.186342
0.198799
0.0555749
0.230357
0.166399
0.161422
0.211766
0.224512
0.232185
0.287192
0.0570641
0.137251
0.158238
0.274845
0.280807
0.0840315
0.17472
0.212028
0.300192
0.237312
0.169388
0.131994
0.403511
0.129332
0.127421
0.109957
0.108909
0.164443
0.13627
0.0826882
0.0634787
0.267046
0.200539
0.231381
0.154883
0.15484
0.210549
0.131458
0.220232
0.104984
0.142293
0.229723
0.20662
0.257791
0.0498838
0.0807793
0.0738855
0.227446
0.0608723
0.277723
0.279981
0.170456
0.207472
0.117295
0.0367312
0.28207
0.167601
0.0414178
0.154449
0.0692711
0.238483
0.207121
0.117024
0.339194
0.179997
0.267355
0.198824
0.134594
0.162911
0.0791759
0.1485
0.134582
0.111418
0.176292
0.216788
0.297278
0.347967
0.13541
0.110339
0.203111
0.0960237
0.168458
0.113197
0.253607
0.181223
0.260359
0.193251
0.176914
0.13488
0.0996471
0.271773
0.17676
0.0954972
0.132469
0.0844826
0.04138
0.229729
0.196515
0.181934
0.191675
0.14673
0.189944
0.119899
0.178374
0.16751
0.0516548
0.184381
0.174887
0.088072
0.242111
0.0969097
0.264236
0.121317
0.0811732
0.111421
0.176278
0.188793
0.229322
0.125344
0.186895
0.169372
0.240151
0.206613
0.119284
0.227114
0.217308
0.236445
0.200509
0.306577
0.204296
0.187731
0.176107
0.249289
0.0692243
0.246854
0.22449
0.203139
0.249226
0.147853
0.151141
0.292493
0.211248
0.240133
0.148581
0.21712
0.10852
0.118643
0.198885
0.159162
0.0257885
0.0827154
0.273723
0.193461
0.232758
0.160147
0.180428
0.119553
0.233008
0.225898
0.111592
0.161213
0.176296
0.175963
0.105017
0.255385
0.0895131
0.200664
0.314231
0.173835
0.0782523
0.163856
0.268108
0.0969405
0.177121
0.117587
0.196953
0.164226
0.16115
0.137696
0.0615245
0.223267
0.251936
0.159872
0.316951
0.129003
0.187535
0.109255
0.289074
0.182955
0.290186
0.148731
0.260097
0.123816
0.287296
0.161439
0.254915
0.165757
0.15031
0.154573
0.344465
0.198606
0.196457
0.207644
0.142361
0.143694
0.254943
0.191217
0.0811446
0.225924
0.320279
0.083545
0.194061
0.151223
0.178637
0.142584
0.216174
0.154412
0.0607986
0.275767
0.22246
0.216394
0.0979948
0.221755
0.316979
0.155424
0.248663
0.202787
0.185091
0.23928
0.122252
0.120018
0.102953
0.157884
0.248984
0.128155
0.169509
0.28059
0.287453
0.153132
0.184278
0.190823
0.113696
0.0795445
0.0842678
0.252182
0.101258
0.353528
0.0998004
0.194112
0.0800003
0.20988
0.199086
0.124809
0.229682
0.162401
0.175065
0.167415
0.319191
0.156928
0.108355
0.325859
0.30647
0.180982
0.19278
0.118626
0.257356
0.203363
0.121895
0.173865
0.128744
0.213947
0.0949441
0.0883541
0.151699
0.116744
0.136915
0.133011
0.188338
0.107214
0.204843
0.127958
0.131638
0.161629
0.224045
0.235268
0.133659
0.129421
0.166209
0.202679
0.136509
0.157134
0.221746
0.199209
0.261573
0.16811
0.137059
0.0414206
0.122811
0.15283
0.144249
0.107716
0.112899
0.241188
0.11659
0.211988
0.297977
0.289634
0.0704984
0.101638
0.224173
0.174933
0.202531
0.166661
0.212574
0.135644
0.213288
0.354749
0.213689
0.294639
0.127009
0.213427
0.229738
0.17138
0.116697
0.136521
0.160092
0.136132
0.132651
0.158755
0.27533
0.189721
0.0992015
0.240937
0.337401
0.211276
0.221437
0.147033
0.0921368
0.330119
0.177729
0.172243
0.204467
0.109672
0.414877
0.297481
0.234232
0.165011
0.140312
0.171884
0.0762362
0.257062
0.0683986
0.18584
0.239239
0.170415
0.267304
0.243264
0.100027
0.201208
0.314426
0.190045
0.11558
0.135906
0.450168
0.17361
0.134713
0.16573
0.132634
0.204714
0.21921
0.238423
0.128263
0.132143
0.168148
0.16197
0.146346
0.304992
0.138963
0.0884149
0.138067
0.152322
0.137257
0.264487
0.145742
0.183822
0.19682
0.269364
0.245635
0.291679
0.240115
0.32533
0.0958472
0.224277
0.236468
0.126396
0.253996
0.128412
0.401233
0.107703
0.262305
0.0482428
0.17983
0.195956
0.221576
0.228656
0.265451
0.258616
0.164859
0.106644
0.140721
0.173701
0.0911148
0.107407
0.176537
0.225272
0.247063
0.152827
0.125651
0.275076
0.211919
0.235891
0.13497
0.18056
0.198399
0.0357406
0.0350818
0.280075
0.328343
0.107963
0.255623
0.09633
0.234902
0.247841
0.110595
0.153869
0.211526
0.18238
0.235335
0.132516
0.0606486
0.123414
0.20654
0.188058
0.194162
0.16162
0.154041
0.325031
0.149343
0.130259
0.118858
0.211468
0.160959
0.184082
0.102142
0.203568
0.204098
0.123087
0.266986
0.123993
0.152053
0.261178
0.191945
0.21042
0.161764
0.140051
0.151553
0.0921694
0.217968
0.16508
0.167161
0.293742
0.143527
0.204154
0.236583
0.181128
0.176213
0.0919128
0.151565
0.0815383
0.124899
0.208804
0.133517
0.307871
0.0817503
0.198693
0.124385
0.194545
0.228118
0.296114
0.0789423
0.0758396
0.17437
0.189104
0.173362
0.0938234
0.214852
0.156516
0.191611
0.214075
0.135314
0.25904
0.217654
0.233859
0.157132
0.0355848
0.121982
0.0645837
0.0250729
0.363001
0.0830745
0.127005
0.119179
0.144226
0.139716
0.205836
0.137364
0.128145
0.237999
0.163404
0.120362
0.236922
0.171357
0.137065
0.136961
0.157364
0.238199
0.129859
0.0752666
0.204239
0.11108
0.220974
0.168979
0.169284
0.235125
0.254984
0.212229
0.243445
0.0788519
0.213444
0.150723
0.0474288
0.135566
0.124737
0.206264
0.173916
0.24467
0.22563
0.280213
0.249687
0.0900265
0.173262
0.249246
0.1771
0.111113
0.168147
0.253563
0.0668793
0.0955873
0.211961
0.075749
0.0884323
0.257741
0.404475
0.198302
0.0772778
0.118448
0.135384
0.166535
0.086699
0.383802
0.0840016
0.279487
0.211968
0.220262
0.102563
0.112867
0.0419078
0.245892
0.0819955
0.163485
0.217239
0.128788
0.085463
0.122188
0.206926
0.207888
0.187866
0.138913
0.205022
0.0836009
0.175125
0.204372
0.190851
0.159729
0.211448
0.11184
0.184408
0.230191
0.110815
0.248521
0.173373
0.0383884
0.105144
0.164674
0.165725
0.20312
0.134188
0.138271
0.195261
0.0293595
0.215756
0.0378239
0.263575
0.191142
0.103297
0.0972556
0.122809
0.171721
0.225374
0.159106
0.143481
0.237212
0.234628
0.271695
0.219189
0.142888
0.231347
0.221552
0.140548
0.192924
0.124063
0.139185
0.150966
0.199922
0.178813
0.207145
0.172072
0.089839
0.0801677
0.0838255
0.214261
0.0792725
0.107657
0.225406
0.26097
0.2015
0.124683
0.211991
0.0970369
0.254099
0.211472
0.200617
0.23752
0.150161
0.174829
0.235467
0.246851
0.220611
0.164691
0.142935
0.130556
0.121771
0.0684074
0.0904937
0.0904347
0.23374
0.396219
0.17315
0.280915
0.094918
0.128721
0.185892
0.387385
0.0312465
0.182564
0.145966
0.0460371
0.138294
0.404366
0.187807
0.173104
0.22239
0.0934433
0.137565
0.149821
0.177648
0.122922
0.115534
0.183821
0.312089
0.185728
0.0759481
0.162733
0.19465
0.208975
0.222563
0.160382
0.175014
0.166898
0.183194
0.186755
0.249457
0.16938
0.0886791
0.211969
0.276046
0.184769
0.0694353
0.313814
0.294088
0.189828
0.205329
0.289719
0.172078
0.111955
0.132345
0.282121
0.14587
0.204588
0.0751925
0.0367529
0.239922
0.213678
0.107524
0.1735
0.104066
0.448037
0.235267
0.136336
0.127021
0.104474
0.293775
0.263731
0.0385452
0.197038
0.222708
0.0919642
0.157716
0.15078
0.133806
0.0937291
0.239762
0.183324
0.137837
0.183872
0.177511
0.145194
0.220076
0.30128
0.164992
0.0728889
0.200317
0.0957815
0.136801
0.162414
0.262297
0.147716
0.148344
0.157284
0.080044
0.163782
0.0556273
0.0964021
0.115819
0.121801
0.271446
0.0451644
0.203161
0.136524
0.284886
0.106167
0.168836
0.219922
0.257651
0.188595
0.236569
0.315059
0.196248
0.148096
0.194188
0.216444
0.0887048
0.262886
0.120158
0.045322
0.0510775
0.1993
0.177784
0.182416
0.272569
0.129119
0.178834
0.12516
0.163855
0.0954815
0.109561
0.187758
0.300363
0.118712
0.123661
0.149762
0.29102
0.223353
0.154764
0.26875
0.0600261
0.0719653
0.0379818
0.284688
0.121084
0.166503
0.174415
0.186708
0.151805
0.152306
0.100794
0.205665
0.0982105
0.0767184
0.0428679
0.142575
0.206946
0.161519
0.222654
0.126438
0.260873
0.0835662
0.0596199
0.0797416
0.125899
0.101289
0.255593
0.13018
0.136266
0.169647
0.108427
0.116828
0.148742
0.202594
0.227911
0.194791
0.117736
0.296105
0.155337
0.202803
0.130431
0.207134
0.105564
0.146192
0.203052
0.0926674
0.237031
0.174664
0.202451
0.0875371
0.151664
0.119178
0.0958495
0.332022
0.1306
0.248472
0.125176
0.0903074
0.20152
0.114311
0.214282
0.0835617
0.106298
0.113791
0.217961
0.250414
0.116384
0.0707504
0.195077
0.0668518
0.0848532
0.233067
0.13215
0.107745
0.187387
0.212729
0.205546
0.140531
0.147111
0.184751
0.162328
0.107208
0.170208
0.116782
0.109502
0.29656
0.16381
0.0812286
0.0962545
0.106294
0.0912096
0.0871639
0.210518
0.210649
0.239738
0.137289
0.173291
0.117094
0.1896
0.0971518
0.185419
0.268206
0.18508
0.156625
0.0593641
0.169701
0.126204
0.203837
0.202105
0.124756
0.0732682
0.349698
0.175676
0.0756604
0.0677937
0.117521
0.192272
0.196817
0.248307
0.326446
0.133332
0.126352
0.180859
0.203658
0.186635
0.221855
0.240524
0.152283
0.0946692
0.0657522
0.125446
0.0465525
0.135454
0.184055
0.167427
0.192708
0.211439
0.0723548
0.137097
0.080299
0.154282
0.0531695
0.150104
0.0838065
0.120642
0.275963
0.211876
0.135111
0.176511
0.17246
0.122007
0.114923
0.122375
0.326698
0.144548
0.167731
0.0949034
0.0922613
0.196416
0.14906
0.14612
0.0798396
0.222514
0.0946685
0.120735
0.0918473
0.0382748
0.108914
0.0980775
0.0785501
0.255614
0.0410936
0.140328
0.206718
0.241383
0.177729
0.0755864
0.176304
0.144484
0.0954808
0.148599
0.22297
0.162236
0.151105
0.247517
0.312206
0.240635
0.231704
0.184385
0.116286
0.154936
0.102441
0.13512
0.12573
0.0661785
0.0709146
0.113453
0.212488
0.204138
0.0862006
0.319889
0.319938
0.228959
0.20593
0.1271
0.126418
0.190273
0.160205
0.196128
0.261464
0.358438
0.123658
0.111913
0.163023
0.133202
0.350524
0.244997
0.175413
0.107883
0.123906
0.228317
0.118892
0.0866856
0.137591
0.16256
0.102735
0.077524
0.255142
0.135858
0.105574
0.10018
0.183906
0.358475
0.289206
0.0717248
0.0897117
0.107444
0.200423
0.133076
0.143671
0.138325
0.16179
0.139552
0.202907
0.0572987
0.130012
0.155916
0.223974
0.164415
0.20513
0.162344
0.0952929
0.0601033
0.0347714
0.217881
0.110846
0.161702
0.197279
0.0550636
0.103834
0.139675
0.113515
0.179478
0.187454
0.152922
0.118293
0.283056
0.232536
0.185703
0.0631009
0.115152
0.166425
0.29498
0.149125
0.172048
0.145186
0.230289
0.0447271
0.254741
0.128796
0.281974
0.0885268
0.147063
0.0837778
0.141401
0.136984
0.099195
0.0999202
0.0741449
0.217147
0.100588
0.290432
0.112828
0.207626
0.167094
0.217412
0.116223
0.24276
0.201421
0.126235
0.0910456
0.316079
0.14185
0.194131
0.157214
0.0616132
0.124389
0.0647784
0.189924
0.11961
0.12161
0.203668
0.0866265
0.142806
0.293772
0.311974
0.224416
0.185847
0.0890254
0.175233
0.157618
0.144072
0.0999007
0.322826
0.187481
0.0775284
0.138161
0.0419352
0.0539434
0.0674791
0.0704483
0.0828565
0.121913
0.160348
0.294494
0.125645
0.272968
0.12848
0.0554797
0.102475
0.0750552
0.175029
0.146136
0.114888
0.107843
0.121126
0.234615
0.128002
0.0989975
0.103707
0.170416
0.129691
0.0734876
0.189949
0.176079
0.141038
0.128109
0.180287
0.324228
0.181576
0.101258
0.11495
0.185891
0.229524
0.107985
0.208012
0.163281
0.0457286
0.322785
0.243495
0.131938
0.0933074
0.209557
0.14328
0.0554826
0.125017
0.0861978
0.0942018
0.132457
0.206808
0.133767
0.184919
0.111909
0.181415
0.120009
0.143864
0.0425402
0.16357
0.127702
0.0874698
0.153653
0.138673
0.0974725
0.119278
0.134708
0.205978
0.12429
0.163439
0.15336
0.23733
0.0901735
0.122384
0.0611952
0.197876
0.14022
0.181587
0.086866
0.219966
0.213963
0.0796101
0.226111
0.232495
0.141381
0.213102
0.182459
0.144989
0.130706
0.115216
0.192402
0.283072
0.0993588
0.25502
0.17566
0.144078
0.253832
0.203412
0.0947288
0.0796684
0.156072
0.0507603
0.176342
0.153374
0.16029
0.283429
0.146723
0.0966131
0.100668
0.0945394
0.0509755
0.189776
0.21947
0.237452
0.158903
0.0886465
0.181104
0.0977736
0.220279
0.204469
0.057822
0.0988743
0.118732
0.201193
0.0170873
0.167283
0.207267
0.207891
0.117235
0.179688
0.119506
0.198946
0.0437194
0.1697
0.0776413
0.0994933
0.279961
0.10783
0.139774
0.227544
0.0886218
0.0423212
0.0693387
0.147718
0.214191
0.237439
0.110068
0.222317
0.335945
0.157811
0.0513073
0.102221
0.125685
0.102473
0.159328
0.086591
0.159067
0.0524336
0.143266
0.143696
0.233196
0.119549
0.134244
0.0917959
0.123952
0.243919
0.105579
0.090285
0.227315
0.0813311
0.0730613
0.0745283
0.114507
0.178994
0.107784
0.24289
0.180424
0.258793
0.193712
0.189825
0.23524
0.228625
0.104126
0.13404
0.0625768
0.0805458
0.185541
0.135167
0.0839033
0.121806
0.117582
0.188551
0.0518166
0.163364
0.17692
0.0911484
0.107496
0.106689
0.189814
0.180242
0.103119
0.19658
0.141751
0.206613
0.135357
0.0938927
0.2256
0.103114
0.2104
0.0803521
0.114948
0.21468
0.102741
0.16325
0.152955
0.116093
0.141844
0.097697
0.164341
0.240728
0.192414
0.200131
0.182484
0.119016
0.159997
0.130239
0.158232
0.0655759
0.208098
0.188608
0.16187
0.0945283
0.176502
0.303416
0.0851522
0.100057
0.170307
0.131586
0.255711
0.0747014
0.0971199
0.105677
0.103297
0.255209
0.177931
0.104672
0.167998
0.0978052
0.266393
0.192357
0.108259
0.0405011
0.147741
0.156664
0.190107
0.136839
0.131347
0.172972
0.169624
0.173752
0.169795
0.249239
0.194733
0.0603618
0.117789
0.0454307
