0 0.85383
20 0.739145
40 0.445814
60 0.484145
80 0.242671
100 0.634716
120 1.2828
140 0.745484
160 0.389684
180 0.510766
200 0.299895
220 0.292205
240 0.300243
260 0.823259
280 0.942166
300 0.262751
320 0.25834
340 0.514024
360 0.643827
380 0.325398
400 0.591471
420 0.305836
440 0.427174
460 0.290113
480 0.31629
500 0.905753
520 0.27536
540 0.120507
560 0.274853
580 0.785853
600 0.616111
620 0.866655
640 0.854226
660 0.0611403
680 0.708296
700 0.222772
720 0.130037
740 0.251958
760 0.761071
780 0.93598
800 0.359814
820 0.256534
840 0.838666
860 1.03333
880 0.748188
900 0.280304
920 0.48187
940 0.132188
960 0.273348
980 0.449265
1000 0.23704
1020 0.316784
1040 0.129467
1060 0.226036
1080 0.234536
1100 1.01268
1120 0.0894698
1140 0.335863
1160 0.176689
1180 0.345093
1200 0.468658
1220 0.349203
1240 0.146509
1260 0.206113
1280 0.575433
1300 0.108742
1320 0.39507
1340 0.278768
1360 0.318775
1380 0.543165
1400 0.143765
1420 0.268177
1440 0.295739
1460 0.824637
1480 0.928317
1500 0.384484
1520 0.189815
1540 0.183735
1560 0.162155
1580 0.12529
1600 0.694729
1620 0.27969
1640 0.494574
1660 0.215945
1680 0.102542
1700 0.225969
1720 0.328765
1740 0.137819
1760 0.39592
1780 0.176071
1800 0.35606
1820 0.606138
1840 0.162041
1860 0.0314754
1880 0.83043
1900 0.075088
1920 0.294753
1940 0.0829956
1960 0.175689
1980 0.0967207
2000 0.36912
2020 0.222902
2040 0.145884
2060 0.0668762
2080 0.212607
2100 0.109172
2120 0.204319
2140 0.275505
2160 0.222844
2180 0.316035
2200 0.695197
2220 0.235933
2240 0.182736
2260 0.285483
2280 0.0759172
2300 0.156811
2320 0.708082
2340 0.122623
2360 0.484297
2380 0.203101
2400 0.208939
2420 0.113069
2440 0.128072
2460 0.222765
2480 0.0322945
2500 0.28829
2520 0.341243
2540 0.28657
2560 0.190882
2580 0.534916
2600 0.103854
2620 0.117236
2640 0.0834826
2660 0.115565
2680 0.176269
2700 1.05525
2720 0.703382
2740 0.257188
2760 0.193892
2780 0.327853
2800 0.18572
2820 0.193747
2840 0.224032
2860 0.158809
2880 0.212427
2900 0.239103
2920 0.489516
2940 0.543634
2960 0.861194
2980 0.189557
3000 0.310506
3020 0.0817639
3040 0.389475
3060 0.636124
3080 0.514979
3100 0.0783107
3120 0.064939
3140 0.465608
3160 0.791623
3180 0.0732608
3200 0.419003
3220 0.40272
3240 0.0716143
3260 0.114221
3280 0.723457
3300 0.110711
3320 0.0346581
3340 0.412442
3360 0.138157
3380 0.491201
3400 0.0993799
3420 0.791311
3440 0.398647
3460 0.184202
3480 0.545274
3500 0.175547
3520 0.116207
3540 0.206292
3560 0.0608932
3580 0.472562
3600 0.0727382
3620 0.561282
3640 0.0614383
3660 0.481794
3680 0.0463144
3700 0.547292
3720 0.0989651
3740 0.0816818
3760 0.342535
3780 0.169316
3800 0.139664
3820 0.2158
3840 0.452393
3860 0.0961663
3880 0.28432
3900 0.394685
3920 0.28168
3940 0.179096
3960 0.425379
3980 0.0960391
4000 0.553717
4020 0.287016
4040 0.27694
4060 0.0811482
4080 0.233262
4100 0.23945
4120 0.14878
4140 0.253562
4160 0.158949
4180 0.145557
4200 0.344881
4220 0.213515
4240 0.0630299
4260 0.0916096
4280 0.074055
4300 0.0964563
4320 0.0825693
4340 0.161978
4360 0.55471
4380 0.0971375
4400 0.204019
4420 0.0560343
4440 0.383528
4460 0.410946
4480 0.109237
4500 0.0411124
4520 0.392628
4540 0.398756
4560 0.0636269
4580 0.225041
4600 0.478641
4620 0.084767
4640 0.297356
4660 0.292071
4680 0.350848
4700 0.612474
4720 0.0429333
4740 0.182793
4760 0.196588
4780 0.27635
4800 0.244511
4820 0.0801538
4840 0.109356
4860 0.50886
4880 0.0644745
4900 0.0797856
4920 0.58735
4940 0.181228
4960 0.539595
4980 0.155414
5000 0.0852714
5020 0.124264
5040 0.14325
5060 0.104388
5080 0.180209
5100 0.124322
5120 0.191935
5140 0.372732
5160 0.439888
5180 0.069266
5200 0.291239
5220 0.0455937
5240 0.552589
5260 0.630026
5280 0.13421
5300 0.127583
5320 0.275368
5340 0.153977
5360 0.236008
5380 0.112786
5400 0.119466
5420 0.341115
5440 0.565247
5460 0.545183
5480 0.219578
5500 0.438684
5520 0.164459
5540 0.127176
5560 0.387549
5580 0.0773225
5600 0.389006
5620 0.150384
5640 0.199193
5660 0.0823825
5680 0.175901
5700 0.495754
5720 0.0614685
5740 0.371878
5760 0.402311
5780 0.521304
5800 0.351237
5820 0.041205
5840 0.211106
5860 0.169526
5880 0.121883
5900 0.0637318
5920 0.31944
5940 0.3528
5960 0.0632862
5980 0.117805
6000 0.174832
6020 0.0365473
6040 0.466341
6060 0.118802
6080 0.0330159
6100 0.0466852
6120 0.380527
6140 0.201672
6160 0.093812
6180 0.461183
6200 0.395303
6220 0.234335
6240 0.170664
6260 0.263052
6280 0.151583
6300 0.147851
6320 0.404513
6340 0.220181
6360 0.0827524
6380 0.0592735
6400 0.144098
6420 0.0607928
6440 0.192781
6460 0.155278
6480 0.0778463
6500 0.0435846
6520 0.0659572
6540 0.534133
6560 0.0756764
6580 0.0926538
6600 0.0495117
6620 0.0778074
6640 0.0817152
6660 0.133856
6680 0.535699
6700 0.11459
6720 0.561858
6740 0.546194
6760 0.395921
6780 0.0505327
6800 0.0826688
6820 0.312996
6840 0.629715
6860 0.191895
6880 0.0922889
6900 0.214697
6920 0.359139
6940 0.12792
6960 0.132949
6980 0.0430584
7000 0.218619
7020 0.177222
7040 0.181472
7060 0.270212
7080 0.0741582
7100 0.0452167
7120 0.277886
7140 0.229489
7160 0.0294496
7180 0.145617
7200 0.419115
7220 0.103701
7240 0.137591
7260 0.0317205
7280 0.409001
7300 0.276649
7320 0.0892882
7340 0.260781
7360 0.295271
7380 0.191402
7400 0.27481
7420 0.0721699
7440 0.0585591
7460 0.49205
7480 0.658805
7500 0.599991
7520 0.62148
7540 0.42959
7560 0.0906318
7580 0.230028
7600 0.0983531
7620 0.440802
7640 0.725396
7660 0.178709
7680 0.0860462
7700 0.0592136
7720 0.814465
7740 0.229739
7760 0.103102
7780 0.154148
7800 0.0370699
7820 0.114955
7840 0.050517
7860 0.0185538
7880 0.154557
7900 0.0926991
7920 0.21167
7940 0.234243
7960 0.241012
7980 0.569051
8000 0.146554
8020 0.203459
8040 0.344593
8060 0.380573
8080 0.223534
8100 0.361351
8120 0.130728
8140 0.219424
8160 0.382635
8180 0.740994
8200 0.163202
8220 0.148261
8240 0.563561
8260 1.15168
8280 0.0875333
8300 0.296334
8320 0.426422
8340 0.054417
8360 0.273862
8380 0.318656
8400 0.132207
8420 0.0885679
8440 0.0750333
8460 0.148719
8480 0.041999
8500 0.135896
8520 0.0677124
8540 0.0813145
8560 0.10779
8580 0.0959102
8600 0.0395423
8620 0.029262
8640 0.242843
8660 0.358884
8680 0.384423
8700 0.0708351
8720 0.167195
8740 0.617999
8760 0.129855
8780 0.325143
8800 0.238027
8820 0.0914696
8840 0.216089
8860 0.144822
8880 0.576812
8900 0.112573
8920 0.152531
8940 0.113415
8960 0.142893
8980 0.112794
9000 0.382254
9020 0.253558
9040 0.149341
9060 0.0801146
9080 0.101134
9100 0.232188
9120 0.0948392
9140 0.353849
9160 0.309196
9180 0.159947
9200 0.0674635
9220 0.0506415
9240 0.0881848
9260 0.405927
9280 0.0779603
9300 0.0989122
9320 0.0295907
9340 0.133937
9360 0.122147
9380 0.123026
9400 0.377307
9420 0.418069
9440 0.0981748
9460 0.0799933
9480 0.0857303
9500 0.207487
9520 0.102017
9540 0.226124
9560 0.147853
9580 0.129444
9600 0.342362
9620 0.453098
9640 0.0583517
9660 0.0791439
9680 0.280852
9700 0.0453319
9720 0.0433928
9740 0.0596642
9760 0.10876
9780 0.0833521
9800 0.331771
9820 0.0328721
9840 0.0871429
9860 0.028712
9880 0.0755943
9900 0.166388
9920 0.0622271
9940 0.166271
9960 0.139874
9980 0.498332
10000 0.153177
10020 0.463584
10040 0.124891
10060 0.337329
10080 0.220773
10100 0.100669
10120 0.258678
10140 0.446584
10160 0.365832
10180 0.221128
10200 0.192639
10220 0.392544
10240 0.120624
10260 0.316242
10280 0.11902
10300 0.1782
10320 0.424552
10340 1.09351
10360 0.125117
10380 0.715048
10400 0.175792
10420 0.400614
10440 0.358913
10460 0.106219
10480 0.454328
10500 0.290217
10520 0.153111
10540 0.12158
10560 0.11869
10580 0.0611323
10600 0.52315
10620 0.367485
10640 0.0279768
10660 0.26935
10680 0.382213
10700 0.073708
10720 0.0563236
10740 0.233948
10760 0.414257
10780 0.424294
10800 0.231831
10820 0.313971
10840 0.102357
10860 0.0871909
10880 0.248348
10900 0.0820127
10920 0.0827466
10940 0.149803
10960 0.0882322
10980 0.219369
11000 0.115017
11020 0.209867
11040 0.153135
11060 0.518097
11080 0.187024
11100 0.0393556
11120 0.0637616
11140 0.0945769
11160 0.0976266
11180 0.0559611
11200 0.0319274
11220 0.134083
11240 0.0791995
11260 0.177646
11280 0.0474386
11300 0.0810606
11320 0.0560994
11340 0.179948
11360 0.0807858
11380 0.0533024
11400 0.220028
11420 0.0186209
11440 0.290566
11460 0.385848
11480 0.0547911
11500 0.10584
11520 0.218711
11540 0.207116
11560 0.104121
11580 0.0807254
11600 0.116178
11620 0.333375
11640 0.0585787
11660 0.0316434
11680 0.125745
11700 0.112906
11720 0.0805424
11740 0.177884
11760 0.0743923
11780 0.111176
11800 0.227065
11820 0.127197
11840 0.0730474
11860 0.148797
11880 0.0496144
11900 0.0963636
11920 0.292504
11940 0.090024
11960 0.535777
11980 0.0751081
12000 0.163304
12020 0.104965
12040 0.0534768
12060 0.32738
12080 0.0430563
12100 0.147788
12120 0.192416
12140 0.418623
12160 0.0348507
12180 0.190738
12200 0.338863
12220 0.411596
12240 0.129269
12260 0.153984
12280 0.297529
12300 0.550529
12320 0.412374
12340 0.155109
12360 0.141435
12380 0.071166
12400 0.0656623
12420 0.2344
12440 0.404263
12460 0.0240723
12480 0.126054
12500 0.0779749
12520 0.595612
12540 0.132327
12560 0.0751626
12580 0.161584
12600 0.182566
12620 0.239313
12640 0.161662
12660 0.54195
12680 0.175905
12700 0.0814183
12720 0.104985
12740 0.10657
12760 0.451254
12780 0.874395
12800 0.181613
12820 0.0613915
12840 0.0876821
12860 0.213577
12880 0.246731
12900 0.0396681
12920 0.0595508
12940 0.0436108
12960 0.118686
12980 0.501816
13000 0.221263
13020 0.0841382
13040 0.082318
13060 0.214035
13080 0.231025
13100 0.0660599
13120 0.0749785
13140 0.0176601
13160 0.158247
13180 0.223203
13200 0.159828
13220 0.242543
13240 0.200937
13260 0.225812
13280 0.225901
13300 0.190242
13320 0.579718
13340 0.143072
13360 0.129257
13380 0.297998
13400 0.071178
13420 0.0379628
13440 0.08122
13460 0.0927578
13480 0.172705
13500 0.316365
13520 0.102553
13540 0.0557243
13560 0.0808351
13580 0.600575
13600 0.257426
13620 0.0716444
13640 0.241485
13660 0.112548
13680 0.288711
13700 0.283243
13720 0.248179
13740 0.308409
13760 0.297333
13780 0.474035
13800 0.132321
13820 0.098466
13840 0.0498115
13860 0.165804
13880 0.0734409
13900 0.111599
13920 0.442774
13940 0.315856
13960 0.255429
13980 0.041343
14000 0.0630861
14020 0.22367
14040 0.0851718
14060 0.0325035
14080 0.196116
14100 0.0711289
14120 0.310166
14140 0.187207
14160 0.310614
14180 0.187735
14200 0.439671
14220 0.233549
14240 0.197862
14260 0.0327529
14280 0.0626286
14300 0.142261
14320 0.125188
14340 0.0481224
14360 0.178767
14380 0.107272
14400 0.303331
14420 0.0250527
14440 0.114345
14460 0.0473866
14480 0.129107
14500 0.326395
14520 0.194703
14540 0.441344
14560 0.0287025
14580 0.15577
14600 0.068868
14620 0.0640928
14640 0.0809537
14660 0.0748161
14680 0.241762
14700 0.199897
14720 0.0884163
14740 0.115562
14760 0.0804335
14780 0.0620626
14800 0.0428626
14820 0.285547
14840 0.0658341
14860 0.305806
14880 0.109378
14900 0.0372936
14920 0.081067
14940 0.343628
14960 0.0676728
14980 0.186971
15000 0.054725
15020 0.259641
15040 0.0422091
15060 0.0551909
15080 0.441185
15100 0.101453
15120 0.0800739
15140 0.0486869
15160 0.334939
15180 0.0814096
15200 0.192768
15220 0.33311
15240 0.751348
15260 0.0582284
15280 0.0416343
15300 0.0825522
15320 0.377084
15340 0.581767
15360 0.356601
15380 0.204776
15400 0.190384
15420 0.0615093
15440 0.138238
15460 0.0747164
15480 0.631781
15500 0.402112
15520 0.0747209
15540 0.29965
15560 0.499008
15580 0.182405
15600 0.153902
15620 0.13877
15640 0.0869645
15660 0.10769
15680 0.226783
15700 0.0611039
15720 0.111871
15740 0.641703
15760 0.0919654
15780 0.0671369
15800 0.0704633
15820 0.240285
15840 0.393625
15860 0.0456299
15880 0.074269
15900 0.758392
15920 0.56062
15940 0.463635
15960 0.0466016
15980 0.052506
16000 0.0768853
16020 0.234684
16040 0.0232526
16060 0.469787
16080 0.461468
16100 0.0945074
16120 0.0992346
16140 0.0785121
16160 0.23644
16180 0.113719
16200 0.0648181
16220 0.283788
16240 0.0397114
16260 0.090825
16280 0.0799392
16300 0.040466
16320 0.285141
16340 0.180688
16360 0.0527056
16380 0.0223152
16400 0.374695
16420 0.440528
16440 0.0987317
16460 0.0557957
16480 0.0436382
16500 0.457618
16520 0.62541
16540 0.100563
16560 0.0772813
16580 0.150869
16600 0.332538
16620 0.269963
16640 0.217347
16660 0.352463
16680 0.069899
16700 0.0457825
16720 0.0162491
16740 0.0876346
16760 0.315815
16780 0.072048
16800 0.328872
16820 0.162963
16840 0.0938406
16860 0.196147
16880 0.0274374
16900 0.216792
16920 0.11975
16940 0.0753326
16960 0.0941886
16980 0.00992732
17000 0.136966
17020 0.106971
17040 0.145161
17060 0.0698091
17080 0.0327144
17100 0.350242
17120 0.231644
17140 0.338341
17160 0.178014
17180 0.0654688
17200 0.171668
17220 0.0779501
17240 0.135047
17260 0.136171
17280 0.150047
17300 0.0504874
17320 0.0605136
17340 0.0969021
17360 0.557789
17380 0.0355355
17400 0.71298
17420 0.405288
17440 0.277369
17460 0.0144788
17480 0.0440523
17500 0.147045
17520 0.0902639
17540 0.118981
17560 0.118179
17580 0.104354
17600 0.213032
17620 0.140545
17640 0.0589387
17660 0.0526553
17680 0.396469
17700 0.203926
17720 0.105539
17740 0.0557079
17760 0.301554
17780 0.113822
17800 0.0648969
17820 0.562348
17840 0.132344
17860 0.146068
17880 0.643043
17900 0.0873065
17920 0.224242
17940 0.0841043
17960 0.203068
17980 0.381149
18000 0.0389462
18020 0.188482
18040 0.0974095
18060 0.357768
18080 0.253103
18100 0.465557
18120 0.0738984
18140 0.0885038
18160 0.362385
18180 0.0931719
18200 0.271072
18220 0.128012
18240 0.492574
18260 0.353463
18280 0.145733
18300 0.0475593
18320 0.304998
18340 0.127643
18360 0.0719865
18380 0.288439
18400 0.107794
18420 0.173362
18440 0.0581868
18460 0.0432923
18480 0.0596297
18500 0.246164
18520 0.0757378
18540 0.213307
18560 0.174516
18580 0.0659592
18600 0.108807
18620 0.235369
18640 0.17389
18660 0.0791108
18680 0.467264
18700 0.0679754
18720 0.097032
18740 0.150626
18760 0.177855
18780 0.0799358
18800 0.376853
18820 0.0293052
18840 0.0833425
18860 0.0310344
18880 0.0607602
18900 0.11283
18920 0.0560898
18940 0.203699
18960 0.449268
18980 0.340388
19000 0.337822
19020 0.0272403
19040 0.07237
19060 0.369705
19080 0.095121
19100 0.179741
19120 0.304014
19140 0.807704
19160 0.294025
19180 0.173109
19200 0.0792519
19220 0.108427
19240 0.0512687
19260 0.0230237
19280 0.146652
19300 0.0425882
19320 0.126526
19340 0.0792682
19360 0.114057
19380 0.142058
19400 0.499229
19420 0.0257422
19440 0.258503
19460 0.0891991
19480 0.0633508
19500 0.122837
19520 0.152554
19540 0.556979
19560 0.157332
19580 0.148186
19600 0.0455467
19620 0.0909421
19640 0.238623
19660 0.566795
19680 0.141361
19700 0.0731029
19720 0.106879
19740 0.0366899
19760 0.0280565
19780 0.0586113
19800 0.101099
19820 0.0711029
19840 0.162978
19860 0.387648
19880 0.246925
19900 0.22856
19920 0.0223002
19940 0.9523
19960 0.19482
19980 0.203776
20000 0.0686599
20020 0.727248
20040 0.0301544
20060 0.0307785
20080 0.0540048
20100 0.0329466
20120 0.0647365
20140 0.0346749
20160 0.0800907
20180 0.0235555
20200 0.08074
20220 0.114502
20240 0.101717
20260 0.0958247
20280 0.0562998
20300 0.257527
20320 0.060196
20340 0.141544
20360 0.174659
20380 0.0802296
20400 0.0550293
20420 0.10168
20440 0.137583
20460 0.887337
20480 0.135406
20500 0.259759
20520 0.0175606
20540 0.211366
20560 0.241527
20580 0.0423297
20600 0.420356
20620 0.155428
20640 0.0718972
20660 0.204223
20680 0.215836
20700 0.212477
20720 0.0437879
20740 0.0717011
20760 0.212056
20780 0.109201
20800 0.147493
20820 0.0366537
20840 0.0366295
20860 0.263273
20880 0.112161
20900 0.359891
20920 0.0651972
20940 0.379639
20960 0.0485162
20980 0.115783
21000 0.369712
21020 0.349428
21040 1.1043
21060 0.0476173
21080 0.0229115
21100 0.326543
21120 0.18289
21140 0.252117
21160 0.0385522
21180 0.419908
21200 0.0829035
21220 0.173048
21240 0.0473559
21260 0.312635
21280 0.141805
21300 0.038708
21320 0.148252
21340 0.54648
21360 0.0459102
21380 0.493799
21400 0.0622704
21420 0.0682588
21440 0.328661
21460 0.11398
21480 0.0612002
21500 0.162997
21520 0.0431859
21540 0.323133
21560 0.0942453
21580 0.241451
21600 0.0748399
21620 0.0484286
21640 0.300781
21660 0.0486637
21680 0.0621631
21700 0.271908
21720 0.0938661
21740 0.0667358
21760 0.0513429
21780 0.473814
21800 0.893906
21820 0.295844
21840 0.498867
21860 0.160084
21880 0.0430559
21900 0.100159
21920 0.086459
21940 0.10997
21960 0.130652
21980 0.0635478
22000 0.240094
22020 0.0383681
22040 0.250506
22060 0.0694547
22080 0.036409
22100 0.0423877
22120 0.202275
22140 0.0793855
22160 0.0757774
22180 0.192146
22200 0.12028
22220 0.0757076
22240 0.305502
22260 0.10811
22280 0.287495
22300 0.0268727
22320 0.103362
22340 0.113762
22360 0.245184
22380 0.469703
22400 0.248672
22420 0.116337
22440 0.202204
22460 0.276451
22480 0.228401
22500 0.196452
22520 0.249654
22540 0.290914
22560 0.048941
22580 0.0971583
22600 0.342399
22620 0.215967
22640 0.0316929
22660 0.046705
22680 0.109775
22700 0.153417
22720 0.179344
22740 0.55924
22760 0.0497922
22780 0.104862
22800 0.428407
22820 0.209754
22840 0.109506
22860 0.0141751
22880 0.0823876
22900 0.00634132
22920 0.0651302
22940 0.46184
22960 0.0819032
22980 0.0483002
23000 0.0620676
23020 0.053137
23040 0.561092
23060 0.722437
23080 0.27204
23100 0.0579715
23120 0.106428
23140 0.0620775
23160 0.108364
23180 0.08273
23200 0.134352
23220 0.0919213
23240 0.249565
23260 0.254831
23280 0.0306416
23300 0.133474
23320 0.0451105
23340 0.101865
23360 0.0560999
23380 0.0493337
23400 0.0479043
23420 0.17118
23440 0.165397
23460 0.0768873
23480 0.365653
23500 0.0448174
23520 0.0894582
23540 0.434716
23560 0.233573
23580 0.114543
23600 0.597301
23620 0.0246516
23640 0.0934943
23660 0.0510398
23680 0.0144016
23700 0.099087
23720 0.423849
23740 0.244865
23760 0.0685339
23780 0.0860703
23800 0.228433
23820 0.0240125
23840 0.393483
23860 0.126862
23880 0.314105
23900 0.166605
23920 0.0664507
23940 0.046891
23960 0.0333843
23980 0.150779
24000 0.319961
24020 0.364377
24040 0.101434
24060 0.370449
24080 0.195876
24100 0.423642
24120 0.0800771
24140 0.10811
24160 0.0970185
24180 0.100874
24200 0.0566387
24220 0.197258
24240 0.0870543
24260 0.0441037
24280 0.0675421
24300 0.275731
24320 0.0367385
24340 0.0367579
24360 0.194529
24380 0.0659082
24400 0.341395
24420 0.0916141
24440 0.113026
24460 0.0488996
24480 0.0566896
24500 0.221244
24520 0.121702
24540 0.069593
24560 0.102625
24580 0.0886141
24600 0.142143
24620 0.0688608
24640 0.0813908
24660 0.0642241
24680 0.15259
24700 0.0360313
24720 0.241609
24740 0.0836542
24760 0.107485
24780 0.274909
24800 0.132059
24820 0.0642861
24840 0.227871
24860 0.0345855
24880 0.935296
24900 0.31736
24920 0.251178
24940 0.077631
24960 0.213871
24980 0.381248
25000 0.090105
25020 0.11516
25040 0.102978
25060 0.0486983
25080 0.193493
25100 0.0734611
25120 0.114964
25140 0.0418524
25160 0.422756
25180 0.0871009
25200 0.0979685
25220 0.458395
25240 0.297737
25260 0.256538
25280 0.177982
25300 0.0968946
25320 0.112627
25340 0.333537
25360 0.107182
25380 0.297473
25400 0.283233
25420 0.0563271
25440 0.202668
25460 0.0818962
25480 0.0470827
25500 0.099426
25520 0.381235
25540 0.106244
25560 0.375546
25580 0.12669
25600 0.101356
25620 0.220013
25640 0.301776
25660 0.186525
25680 0.236997
25700 0.0796578
25720 0.0362553
25740 0.502276
25760 0.0653436
25780 0.121613
25800 0.0253378
25820 0.0990322
25840 0.080276
25860 0.0430696
25880 0.032899
25900 0.0553243
25920 0.152957
25940 0.652193
25960 0.299457
25980 0.277746
26000 0.0917228
26020 0.0455054
26040 0.101196
26060 0.060566
26080 0.19481
26100 0.0613806
26120 0.122954
26140 0.0727211
26160 0.287581
26180 0.30692
26200 0.266811
26220 0.196334
26240 0.0558987
26260 0.185504
26280 0.0550249
26300 0.108937
26320 0.338593
26340 0.0448336
26360 0.202995
26380 0.512572
26400 0.0641512
26420 0.14361
26440 0.19904
26460 0.0356848
26480 0.136218
26500 0.3421
26520 0.0377223
26540 0.358589
26560 0.219066
26580 0.136911
26600 0.0324198
26620 0.0573807
26640 0.365808
26660 0.208406
26680 0.0387468
26700 0.0727878
26720 0.0413899
26740 0.145241
26760 0.269313
26780 0.343473
26800 0.0953362
26820 0.124435
26840 0.0580996
26860 0.18228
26880 0.0987971
26900 0.0882124
26920 0.133652
26940 0.127922
26960 0.0370174
26980 0.2674
27000 0.0782727
27020 0.113308
27040 0.127942
27060 0.0767268
27080 0.107838
27100 0.156811
27120 0.142307
27140 0.171127
27160 0.087186
27180 0.0535242
27200 0.0381317
27220 0.070851
27240 0.0295511
27260 0.371601
27280 0.0974776
27300 0.339306
27320 0.0688105
27340 0.389357
27360 0.0156851
27380 0.037399
27400 0.0396725
27420 0.0653758
27440 0.123609
27460 0.0442794
27480 0.058231
27500 0.145774
27520 0.26355
27540 0.00984512
27560 0.19603
27580 0.0787515
27600 0.215163
27620 0.0541477
27640 0.0783288
27660 0.112913
27680 0.473243
27700 0.0596316
27720 0.43571
27740 0.0417817
27760 0.0574457
27780 0.0790944
27800 0.0752961
27820 0.0927856
27840 0.0853779
27860 0.061667
27880 0.305909
27900 0.0790822
27920 0.113176
27940 0.113187
27960 0.050467
27980 0.133873
28000 0.306541
28020 0.27488
28040 0.369513
28060 0.211347
28080 0.153873
28100 0.277529
28120 0.0943175
28140 0.03196
28160 0.0676865
28180 0.129564
28200 0.125138
28220 0.184157
28240 0.223061
28260 0.107356
28280 0.139741
28300 0.0621453
28320 0.383451
28340 0.191021
28360 0.0433353
28380 0.170231
28400 0.0479935
28420 0.114057
28440 0.0991736
28460 0.0306869
28480 0.0498302
28500 0.0838709
28520 0.0523769
28540 0.0316976
28560 0.234205
28580 0.255755
28600 1.04992
28620 0.0354822
28640 0.0334913
28660 0.206432
28680 0.30101
28700 0.0235873
28720 0.0111927
28740 0.266862
28760 0.202571
28780 0.166557
28800 0.318376
28820 0.167403
28840 0.0624451
28860 0.058199
28880 0.0449303
28900 0.0578797
28920 0.0777311
28940 0.0321403
28960 0.0387986
28980 0.249965
29000 0.0849269
29020 0.0454874
29040 0.159252
29060 0.171777
29080 0.0389514
29100 0.0713052
29120 0.165683
29140 0.094705
29160 0.0694148
29180 0.0581334
29200 0.390335
29220 0.0744017
29240 0.317043
29260 0.0797257
29280 0.240656
29300 0.219266
29320 0.217695
29340 0.487929
29360 0.15718
29380 0.181791
29400 0.153357
29420 0.0474363
29440 0.0970389
29460 0.0205251
29480 0.271292
29500 0.135571
29520 0.210107
29540 0.260344
29560 0.0865519
29580 0.133815
29600 0.0140194
29620 0.0581537
29640 0.536602
29660 0.272943
29680 0.151203
29700 0.0640642
29720 0.0769999
29740 0.0646053
29760 0.172576
29780 0.0674781
29800 0.231166
29820 0.200661
29840 0.202205
29860 0.0505929
29880 0.0510211
29900 0.348895
29920 0.0486338
29940 0.10164
29960 0.0551112
29980 0.324306
30000 0.15177
30020 0.0513424
30040 0.161399
30060 0.0728671
30080 0.05578
30100 0.097066
30120 0.0410445
30140 0.136196
30160 0.0542773
30180 0.0290608
30200 0.112207
30220 0.092337
30240 0.0855792
30260 0.1573
30280 0.0824597
30300 0.0633683
30320 0.103776
30340 0.0859237
30360 0.27974
30380 0.592665
30400 0.0627793
30420 0.0483771
30440 0.053973
30460 0.0984998
30480 0.108816
30500 0.100976
30520 0.0501633
30540 0.117197
30560 0.124409
30580 0.066722
30600 0.0259133
30620 0.259009
30640 0.564504
30660 0.141789
30680 0.0301979
30700 0.131208
30720 0.0191488
30740 0.241947
30760 0.298178
30780 0.386056
30800 0.472615
30820 0.0821581
30840 0.255239
30860 0.105271
30880 0.468996
30900 0.045055
30920 0.0415151
30940 0.0402047
30960 0.587101
30980 0.0790002
31000 0.107573
31020 0.0633708
31040 0.0756558
31060 0.253693
31080 0.0438943
31100 0.046806
31120 0.638001
31140 0.0940961
31160 0.0991667
31180 0.0723303
31200 0.0648
31220 0.0301114
31240 0.310802
31260 0.0420273
31280 0.242973
31300 0.473311
31320 0.34873
31340 0.423526
31360 0.150527
31380 0.119596
31400 0.027793
31420 0.183094
31440 0.132999
31460 0.0884903
31480 0.0429609
31500 0.0532787
31520 0.0282079
31540 0.0655771
31560 0.0633912
31580 0.0930287
31600 0.0616818
31620 0.373724
31640 0.0446044
31660 0.112941
31680 0.557046
31700 0.0722229
31720 0.0981132
31740 0.706658
31760 0.157124
31780 0.0943598
31800 0.300805
31820 0.0846464
31840 0.0451897
31860 0.156413
31880 0.0558024
31900 0.0689301
31920 0.0702807
31940 0.264103
31960 0.0879603
31980 0.0506517
32000 0.0870603
32020 0.0714127
32040 0.0943365
32060 0.106203
32080 0.0871413
32100 0.0450255
32120 0.0770438
32140 0.0750085
32160 0.191997
32180 0.071381
32200 0.0460437
32220 0.0865647
32240 0.0377876
32260 0.0942939
32280 0.125243
32300 0.087114
32320 0.0589278
32340 0.0801484
32360 0.0701063
32380 0.296175
32400 0.0473124
32420 0.0668507
32440 0.163091
32460 0.101285
32480 0.112266
32500 0.0999492
32520 0.0640285
32540 0.0767643
32560 0.158671
32580 0.111133
32600 0.0566038
32620 0.05291
32640 0.122958
32660 0.0211216
32680 0.0439068
32700 0.0455495
32720 0.0210305
32740 0.210281
32760 0.178333
32780 0.0629797
32800 0.17019
32820 0.0494339
32840 0.111061
32860 0.0863103
32880 0.112319
32900 0.122548
32920 0.0288285
32940 0.161188
32960 0.101173
32980 0.0316196
33000 0.0595119
33020 0.243006
33040 0.0412446
33060 0.150356
33080 0.184117
33100 0.0415768
33120 0.118326
33140 0.0982524
33160 0.0936538
33180 0.416283
33200 0.334612
33220 0.558045
33240 0.130652
33260 0.0439553
33280 0.0671538
33300 0.164062
33320 0.0419764
33340 0.21767
33360 0.105356
33380 0.0129996
33400 0.0893792
33420 0.0538578
33440 0.0379165
33460 0.0212523
33480 0.138673
33500 0.195171
33520 0.0285649
33540 0.19981
33560 0.081982
33580 0.247273
33600 0.0572214
33620 0.038463
33640 0.0612306
33660 0.0591174
33680 0.116744
33700 0.0638628
33720 0.0580593
33740 0.0835318
33760 0.0252392
33780 0.235661
33800 0.0921306
33820 0.118146
33840 0.0277673
33860 0.122318
33880 0.0675638
33900 0.0173886
33920 0.0851117
33940 0.0365333
33960 0.255131
33980 0.0621996
34000 0.217592
34020 0.103399
34040 0.0630604
34060 0.188704
34080 0.328848
34100 0.179507
34120 0.096976
34140 0.097804
34160 0.0756811
34180 0.0934143
34200 0.0352684
34220 0.325991
34240 0.133956
34260 0.264735
34280 0.0339731
34300 0.0398404
34320 0.0426478
34340 0.190229
34360 0.262217
34380 0.0644073
34400 0.414035
34420 0.0518413
34440 0.28347
34460 0.0685189
34480 0.0355817
34500 0.02987
34520 0.381728
34540 0.0356287
34560 0.100135
34580 0.583028
34600 0.119518
34620 0.0297583
34640 0.103834
34660 0.11467
34680 0.190364
34700 0.29805
34720 0.0271995
34740 0.111939
34760 0.331898
34780 0.0913578
34800 0.232523
34820 0.074368
34840 0.0822949
34860 0.238081
34880 0.397876
34900 0.116191
34920 0.0827153
34940 0.0242886
34960 0.0248578
34980 0.0407548
35000 0.0586465
35020 0.0304416
35040 0.262147
35060 0.238392
35080 0.138007
35100 0.0446669
35120 0.0382972
35140 0.350792
35160 0.140249
35180 0.111689
35200 0.551798
35220 0.0602178
35240 0.483298
35260 0.372098
35280 0.204411
35300 0.0858254
35320 0.466486
35340 0.269153
35360 0.0436789
35380 0.0493984
35400 0.27818
35420 0.0579058
35440 0.200126
35460 0.378302
35480 0.0729348
35500 0.193579
35520 0.0184362
35540 0.18689
35560 0.0611826
35580 0.146241
35600 0.139828
35620 0.0748106
35640 0.0871293
35660 0.373005
35680 0.0695733
35700 0.157715
35720 0.0795425
35740 0.282695
35760 0.0408433
35780 0.0397995
35800 0.0384427
35820 0.0823633
35840 0.574797
35860 0.175962
35880 0.060024
35900 0.025311
35920 0.221176
35940 0.103207
35960 0.0295809
35980 0.181048
36000 0.16005
36020 0.0372077
36040 0.0993645
36060 0.150049
36080 0.0558502
36100 0.136163
36120 0.0561065
36140 0.107902
36160 0.303469
36180 0.203366
36200 0.068937
36220 0.511961
36240 0.0714156
36260 0.201559
36280 0.233053
36300 0.159165
36320 0.0531098
36340 0.126433
36360 0.0859221
36380 0.0651559
36400 0.0701227
36420 0.340667
36440 0.0162108
36460 0.0380219
36480 0.0659981
36500 0.0773989
36520 0.137973
36540 0.584724
36560 0.17347
36580 0.444339
36600 0.0947091
36620 0.136824
36640 0.0726047
36660 0.264378
36680 0.067147
36700 0.0135661
36720 0.0213547
36740 0.316065
36760 0.0893406
36780 0.056798
36800 0.159733
36820 0.104265
36840 0.278856
36860 0.0578847
36880 0.233367
36900 0.201932
36920 0.129156
36940 0.00934181
36960 0.158355
36980 0.0611337
37000 0.249673
37020 0.0409973
37040 0.0417629
37060 0.118771
37080 0.0378398
37100 0.209799
37120 0.371771
37140 0.216261
37160 0.0896801
37180 0.0716536
37200 0.0517681
37220 0.0779909
37240 0.320588
37260 0.0772688
37280 0.0640954
37300 0.178786
37320 0.0783452
37340 0.440371
37360 0.0818937
37380 0.318537
37400 0.25863
37420 0.187678
37440 0.367741
37460 0.152327
37480 0.233294
37500 0.113306
37520 0.268833
37540 0.103862
37560 0.0664034
37580 0.284587
37600 0.0431812
37620 0.0462899
37640 0.0843492
37660 0.121214
37680 0.0956817
37700 0.110892
37720 0.268007
37740 0.240868
37760 0.0601421
37780 0.0755808
37800 0.137031
37820 0.240453
37840 0.0544822
37860 0.20074
37880 0.0205039
37900 0.193522
37920 0.0580033
37940 0.183555
37960 0.137967
37980 0.0383396
38000 0.014024
38020 0.0468129
38040 0.151496
38060 0.0188728
38080 0.159896
38100 0.216439
38120 0.0986737
38140 0.0702807
38160 0.0598066
38180 0.0314658
38200 0.0374295
38220 0.0397066
38240 0.113926
38260 0.599501
38280 0.46247
38300 0.149415
38320 0.036732
38340 0.0932669
38360 0.135998
38380 0.253012
38400 0.0282039
38420 0.0290138
38440 0.0404845
38460 0.0640218
38480 0.24794
38500 0.194164
38520 0.107984
38540 0.0482503
38560 0.0621494
38580 0.232149
38600 0.18094
38620 0.247033
38640 0.317855
38660 0.29736
38680 0.127676
38700 0.178016
38720 0.0492689
38740 0.141431
38760 0.309229
38780 0.0248699
38800 0.0438462
38820 0.106962
38840 0.0530081
38860 0.0377009
38880 0.0231613
38900 0.205344
38920 0.0299741
38940 0.0629877
38960 0.355358
38980 0.0963608
39000 0.118596
39020 0.0705657
39040 0.214434
39060 0.028318
39080 0.0423379
39100 0.0371866
39120 0.0917224
39140 0.0841098
39160 0.0711668
39180 0.0748345
39200 0.0769351
39220 0.154239
39240 0.114285
39260 0.129982
39280 0.050166
39300 0.0379941
39320 0.0569622
39340 0.0905001
39360 0.370055
39380 0.186421
39400 0.0151319
39420 0.128986
39440 0.0847984
39460 0.584354
39480 0.2486
39500 0.25122
39520 0.216851
39540 0.0990773
39560 0.0195066
39580 0.0888607
39600 0.160256
39620 0.381313
39640 0.170532
39660 0.0687001
39680 0.073683
39700 0.0244105
39720 0.196718
39740 0.281342
39760 0.285271
39780 0.252844
39800 0.154838
39820 0.374165
39840 0.0666018
39860 0.17234
39880 0.108619
39900 0.0268293
39920 0.0143167
39940 0.0498135
39960 0.0612483
39980 0.0956231
40000 0.0631681
40020 0.0484877
40040 0.333591
40060 0.0601199
40080 0.337629
40100 0.0479122
40120 0.171547
40140 0.148551
40160 0.0129841
40180 0.238254
40200 0.0374196
40220 0.33434
40240 0.129052
40260 0.242373
40280 0.0889753
40300 0.0656305
40320 0.201298
40340 0.22511
40360 0.132538
40380 0.210537
40400 0.125687
40420 0.0296594
40440 0.0831346
40460 0.0844354
40480 0.0734134
40500 0.0880822
40520 0.310711
40540 0.323945
40560 0.134033
40580 0.0481989
40600 0.0704384
40620 0.0681431
40640 0.0711989
40660 0.153536
40680 0.233452
40700 0.183944
40720 0.0539589
40740 0.296788
40760 0.0778211
40780 0.0157638
40800 0.122289
40820 0.254842
40840 0.215329
40860 0.105499
40880 0.0670521
40900 0.0301467
40920 0.0566319
40940 0.0515102
40960 0.122163
40980 0.477054
41000 0.101177
41020 0.453432
41040 0.066216
41060 0.0579262
41080 0.089972
41100 0.0230587
41120 0.228628
41140 0.0855841
41160 0.0395007
41180 0.0325565
41200 0.0489428
41220 0.159487
41240 0.0772684
41260 0.122468
41280 0.338071
41300 0.0949102
41320 0.0951149
41340 0.0304343
41360 0.384554
41380 0.0627177
41400 0.0641514
41420 0.255682
41440 0.0661214
41460 0.173758
41480 0.130934
41500 0.0713109
41520 0.338229
41540 0.0355663
41560 0.0653125
41580 0.133501
41600 0.0125842
41620 0.320811
41640 0.00594021
41660 0.160499
41680 0.0185995
41700 0.470407
41720 0.270288
41740 0.0239305
41760 0.0460541
41780 0.0880445
41800 0.0947991
41820 0.498637
41840 0.0537731
41860 0.0273989
41880 0.0358704
41900 0.155507
41920 0.0494667
41940 0.240354
41960 0.0562602
41980 0.0241861
42000 0.0354649
42020 0.0250444
42040 0.214205
42060 0.738528
42080 0.0602152
42100 0.0476571
42120 0.254862
42140 0.166927
42160 0.444059
42180 0.143928
42200 0.0921426
42220 0.1488
42240 0.292234
42260 0.139331
42280 0.130026
42300 0.0502873
42320 0.0977657
42340 0.053939
42360 0.0308772
42380 0.0878824
42400 0.0644652
42420 0.120928
42440 0.0591922
42460 0.0788373
42480 0.0480401
42500 0.15974
42520 0.0640577
42540 0.17506
42560 0.15935
42580 0.0640038
42600 0.046631
42620 0.0883489
42640 0.189054
42660 0.0832132
42680 0.056199
42700 0.122825
42720 0.262556
42740 0.168571
42760 0.310608
42780 0.0531851
42800 0.336858
42820 0.0987381
42840 0.0892589
42860 0.0715771
42880 0.0548301
42900 0.0963688
42920 0.244231
42940 0.11687
42960 0.259353
42980 0.0364414
43000 0.00993619
43020 0.0416817
43040 0.226441
43060 0.092061
43080 0.237661
43100 0.341984
43120 0.0344394
43140 0.0582101
43160 0.0646102
43180 0.11708
43200 0.0939755
43220 0.0386948
43240 0.0553023
43260 0.0510911
43280 0.0983904
43300 0.0597958
43320 0.0909173
43340 0.185655
43360 0.179369
43380 0.249356
43400 0.0515725
43420 0.151334
43440 0.333553
43460 0.0521484
43480 0.0356544
43500 0.05845
43520 0.021766
43540 0.126129
43560 0.105308
43580 0.0863528
43600 0.0604767
43620 0.086383
43640 0.24207
43660 0.0833735
43680 0.158683
43700 0.415892
43720 0.129569
43740 0.0298281
43760 0.0388295
43780 0.253878
43800 0.069582
43820 0.266985
43840 0.0775174
43860 0.0259657
43880 0.0326056
43900 0.026906
43920 0.301377
43940 0.0883385
43960 0.0820274
43980 0.0137577
44000 0.0716241
44020 0.0706991
44040 0.0701599
44060 0.13603
44080 0.0961937
44100 0.21498
44120 0.380571
44140 0.154389
44160 0.326246
44180 0.177468
44200 0.0644689
44220 0.313092
44240 0.0548392
44260 0.272922
44280 0.0593576
44300 0.0926565
44320 0.0763942
44340 0.0150118
44360 0.229096
44380 0.307414
44400 0.0928591
44420 0.0433721
44440 0.118861
44460 0.0473886
44480 0.243207
44500 0.016083
44520 0.052015
44540 0.146863
44560 0.0867791
44580 0.0436939
44600 0.759512
44620 0.353518
44640 0.0505787
44660 0.0375179
44680 0.0447772
44700 0.0495799
44720 0.0594197
44740 0.0457024
44760 0.0856446
44780 0.342035
44800 0.0813596
44820 0.0227231
44840 0.352819
44860 0.522875
44880 0.0449338
44900 0.0801013
44920 0.0821091
44940 0.244236
44960 0.0988434
44980 0.0485036
45000 0.0471562
45020 0.0310154
45040 0.392534
45060 0.0538351
45080 0.0247215
45100 0.0642667
45120 0.0376468
45140 0.219398
45160 0.0222496
45180 0.043957
45200 0.0571188
45220 0.0570504
45240 0.113443
45260 0.0299153
45280 0.010349
45300 0.165903
45320 0.421716
45340 0.364116
45360 0.225915
45380 0.129018
45400 0.0641502
45420 0.138413
45440 0.249884
45460 0.0205998
45480 0.0934243
45500 0.0902438
45520 0.227398
45540 0.427782
45560 0.10211
45580 0.0669284
45600 0.108072
45620 0.0170391
45640 0.0725344
45660 0.196782
45680 0.181222
45700 0.143228
45720 0.124701
45740 0.0946591
45760 0.165038
45780 0.0269717
45800 0.051705
45820 0.155892
45840 0.0422963
45860 0.266656
45880 0.0622785
45900 0.111084
45920 0.395416
45940 0.237161
45960 0.160711
45980 0.145116
46000 0.385728
46020 0.0337411
46040 0.264468
46060 0.0351635
46080 0.132456
46100 0.196777
46120 0.188777
46140 0.0259838
46160 0.308922
46180 0.0766334
46200 0.182969
46220 0.0673114
46240 0.0820887
46260 0.104113
46280 0.241878
46300 0.123765
46320 0.0603759
46340 0.0432024
46360 0.187646
46380 0.439504
46400 0.0218115
46420 0.100303
46440 0.279245
46460 0.132694
46480 0.0879843
46500 0.268068
46520 0.0462504
46540 0.316053
46560 0.0844815
46580 0.115977
46600 0.0878872
46620 0.222939
46640 0.234384
46660 0.0388064
46680 0.141878
46700 0.229837
46720 0.173136
46740 0.139773
46760 0.136834
46780 0.0994314
46800 0.114762
46820 0.0687134
46840 0.0366709
46860 0.0363721
46880 0.0666409
46900 0.204046
46920 0.269346
46940 0.0506135
46960 0.287252
46980 0.111866
47000 0.0614036
47020 0.0797945
47040 0.068354
47060 0.287863
47080 0.320576
47100 0.0655787
47120 0.0923547
47140 0.120948
47160 0.0503588
47180 0.181959
47200 0.0689529
47220 0.25024
47240 0.0821993
47260 0.107393
47280 0.12974
47300 0.130776
47320 0.224969
47340 0.225924
47360 0.129104
47380 0.170273
47400 0.0707307
47420 0.0268102
47440 0.134243
47460 0.0455367
47480 0.0394826
47500 0.0550129
47520 0.0813368
47540 0.100763
47560 0.16403
47580 0.115093
47600 0.309693
47620 0.139047
47640 0.0782146
47660 0.286018
47680 0.0385824
47700 0.191333
47720 0.125662
47740 0.0581051
47760 0.0954931
47780 0.0976292
47800 0.00944182
47820 0.0462085
47840 0.311709
47860 0.0260241
47880 0.129766
47900 0.0308137
47920 0.0590086
47940 0.129351
47960 0.331114
47980 0.0373678
48000 0.0562222
48020 0.110065
48040 0.126335
48060 0.0962531
48080 0.0525612
48100 0.136399
48120 0.134796
48140 0.783275
48160 0.711441
48180 0.152143
48200 0.104916
48220 0.101502
48240 0.0615474
48260 0.360595
48280 0.260773
48300 0.0674324
48320 0.234598
48340 0.36062
48360 0.313025
48380 0.285487
48400 0.250256
48420 0.0607561
48440 0.204497
48460 0.118083
48480 0.274773
48500 0.0838122
48520 0.0860366
48540 0.0252135
48560 0.077571
48580 0.0595641
48600 0.0485102
48620 0.72818
48640 0.171004
48660 0.123855
48680 0.106652
48700 0.0698285
48720 0.0602136
48740 0.153324
48760 0.0164082
48780 0.107505
48800 0.120442
48820 0.227564
48840 0.021751
48860 0.026047
48880 0.023625
48900 0.391257
48920 0.542651
48940 0.0764465
48960 0.0365985
48980 0.0593118
49000 0.167518
49020 0.0638584
49040 0.0987843
49060 0.0495881
49080 0.140315
49100 0.0680361
49120 0.288234
49140 0.131293
49160 0.0893487
49180 0.199747
49200 0.275976
49220 0.0538212
49240 0.0358406
49260 0.0598773
49280 0.0644574
49300 0.400399
49320 0.0281036
49340 0.0272289
49360 0.330621
49380 0.101402
49400 0.097836
49420 0.0381179
49440 0.0889966
49460 0.0095414
49480 0.0437489
49500 0.0307588
49520 0.324333
49540 0.0633234
49560 0.0466484
49580 0.10369
49600 0.243037
49620 0.134241
49640 0.167696
49660 0.0314755
49680 0.0418525
49700 0.0753878
49720 0.122697
49740 0.222439
49760 0.153182
49780 0.0902143
49800 0.00923597
49820 0.40691
49840 0.308928
49860 0.205491
49880 0.0853861
49900 0.146994
49920 0.182462
49940 0.0168494
49960 0.431358
49980 0.14469
50000 0.190953
50020 0.478172
50040 0.0641226
50060 0.124273
50080 0.145281
50100 0.254631
50120 0.0529392
50140 0.0635252
50160 0.514853
50180 0.0267325
50200 0.055116
50220 0.115658
50240 0.0838033
50260 0.0461332
50280 0.258871
50300 0.424343
50320 0.0969246
50340 0.0263911
50360 0.0680922
50380 0.105798
50400 0.185844
50420 0.0534529
50440 0.0920591
50460 0.0318573
50480 0.420894
50500 0.020488
50520 0.0690624
50540 0.0566754
50560 0.0979311
50580 0.502463
50600 0.0657032
50620 0.18035
50640 0.138094
50660 0.28247
50680 0.123963
50700 0.153556
50720 0.0821164
50740 0.143577
50760 0.10625
50780 0.0594883
50800 0.157668
50820 0.0790455
50840 0.0661793
50860 0.077488
50880 0.15893
50900 0.179914
50920 0.12285
50940 0.0512532
50960 0.0873274
50980 0.251436
51000 0.030923
51020 0.0728645
51040 0.129234
51060 0.0305374
51080 0.123798
51100 0.230137
51120 0.0734839
51140 0.155935
51160 0.289804
51180 0.470828
51200 0.485986
51220 0.413665
51240 0.0449421
51260 0.0560569
51280 0.0529621
51300 0.0328091
51320 0.430285
51340 0.319213
51360 0.0444463
51380 0.0459801
51400 0.120203
51420 0.1696
51440 0.107179
51460 0.192354
51480 0.0544766
51500 0.0540015
51520 0.0732781
51540 0.305414
51560 0.0374981
51580 0.0680916
51600 0.27798
51620 0.364301
51640 0.153217
51660 0.0991991
51680 0.0969373
51700 0.0772364
51720 0.0415241
51740 0.225051
51760 0.0821828
51780 0.0595514
51800 0.0694669
51820 0.0673277
51840 0.0252767
51860 0.137907
51880 0.104255
51900 0.0154914
51920 0.026987
51940 0.154336
51960 0.0387431
51980 0.0113521
52000 0.173187
52020 0.173663
52040 0.383616
52060 0.338309
52080 0.194066
52100 0.0879033
52120 0.0421416
52140 0.0368901
52160 0.0468798
52180 0.070717
52200 0.0765805
52220 0.0429839
52240 0.0665106
52260 0.0483645
52280 0.176913
52300 0.149559
52320 0.102704
52340 0.220555
52360 0.0728883
52380 0.0265578
52400 0.270911
52420 0.0290807
52440 0.0618887
52460 0.0870109
52480 0.0515879
52500 0.0608339
52520 0.0973508
52540 0.226287
52560 0.0756425
52580 0.0264627
52600 0.0445886
52620 0.0216536
52640 0.198767
52660 0.256212
52680 0.0754944
52700 0.0143917
52720 0.293842
52740 0.028989
52760 0.0406576
52780 0.173762
52800 0.21594
52820 0.00632601
52840 0.198774
52860 0.566585
52880 0.143458
52900 0.0748934
52920 0.0752903
52940 0.309657
52960 0.115614
52980 0.139759
53000 0.106163
53020 0.0523226
53040 0.236448
53060 0.0493303
53080 0.336952
53100 0.0889142
53120 0.249074
53140 0.0386231
53160 0.481113
53180 0.351649
53200 0.0614839
53220 0.0849056
53240 0.132459
53260 0.103635
53280 0.0884837
53300 0.0638665
53320 0.386423
53340 0.0775024
53360 0.0616328
53380 0.119465
53400 0.0342895
53420 0.00983924
53440 0.232873
53460 0.2817
53480 0.0886003
53500 0.0606249
53520 0.2388
53540 0.0162538
53560 0.409284
53580 0.139273
53600 0.044776
53620 0.14228
53640 0.056941
53660 0.0488319
53680 0.0726663
53700 0.071287
53720 0.0395274
53740 0.0321539
53760 0.19191
53780 0.037
53800 0.122365
53820 0.070415
53840 0.0198315
53860 0.145537
53880 0.0592901
53900 0.258543
53920 0.0538056
53940 0.292922
53960 0.110519
53980 0.00777903
54000 0.247011
54020 0.0304757
54040 0.036759
54060 0.0293994
54080 0.0121392
54100 0.0386424
54120 0.0890436
54140 0.120365
54160 0.0496834
54180 0.0428331
54200 0.0490054
54220 0.019856
54240 0.203828
54260 0.447385
54280 0.015768
54300 0.111907
54320 0.200598
54340 0.0198846
54360 0.0233563
54380 0.226562
54400 0.215287
54420 0.0392211
54440 0.0529966
54460 0.0574454
54480 0.127768
54500 0.0512199
54520 0.0778327
54540 0.0673389
54560 0.218692
54580 0.305949
54600 0.029232
54620 0.0484672
54640 0.360879
54660 0.371211
54680 0.134495
54700 0.0244193
54720 0.13458
54740 0.0586742
54760 0.0298805
54780 0.00734711
54800 0.0572908
54820 0.0263434
54840 0.0148013
54860 0.261671
54880 0.0154079
54900 0.499824
54920 0.692096
54940 0.0499971
54960 0.0354865
54980 0.0430902
55000 0.0732482
55020 0.131866
55040 0.286679
55060 0.22
55080 0.011255
55100 0.0658794
55120 0.154086
55140 0.334397
55160 0.0731581
55180 0.0582768
55200 0.0991245
55220 0.061208
55240 0.0514452
55260 0.0826436
55280 0.118665
55300 0.146939
55320 0.0927096
55340 0.0882009
55360 0.0701978
55380 0.12984
55400 0.0290861
55420 0.047334
55440 0.223165
55460 0.0506043
55480 0.16673
55500 0.040659
55520 0.0427076
55540 0.0826019
55560 0.0791335
55580 0.383497
55600 0.0387723
55620 0.203301
55640 0.0929759
55660 0.0477954
55680 0.0918926
55700 0.0379764
55720 0.0779553
55740 0.366033
55760 0.382404
55780 0.0294014
55800 0.196136
55820 0.245575
55840 0.0437402
55860 0.102292
55880 0.123035
55900 0.265564
55920 0.069199
55940 0.238988
55960 0.0923738
55980 0.189826
56000 0.0577828
56020 0.203684
56040 0.120158
56060 0.0349598
56080 0.061718
56100 0.296433
56120 0.0344142
56140 0.10143
56160 0.0556882
56180 0.135716
56200 0.0439942
56220 0.295563
56240 0.0732574
56260 0.100244
56280 0.0384728
56300 0.0166298
56320 0.226193
56340 0.085205
56360 0.0412415
56380 0.0994188
56400 0.308865
56420 0.133879
56440 0.156628
56460 0.0324596
56480 0.402246
56500 0.182894
56520 0.0955664
56540 0.0301712
56560 0.300315
56580 0.262211
56600 0.069613
56620 0.0416158
56640 0.0274856
56660 0.160818
56680 0.133816
56700 0.0488362
56720 0.0841581
56740 0.207812
56760 0.389132
56780 0.0501256
56800 0.0239864
56820 0.0702042
56840 0.0622565
56860 0.329204
56880 0.0862145
56900 0.0403017
56920 0.0123714
56940 0.0332727
56960 0.120893
56980 0.021696
57000 0.0645227
57020 0.194568
57040 0.0642069
57060 0.0252708
57080 0.146029
57100 0.421585
57120 0.0522933
57140 0.328837
57160 0.216454
57180 0.20454
57200 0.126948
57220 0.0129226
57240 0.0762628
57260 0.120198
57280 0.0168216
57300 0.230744
57320 0.0673859
57340 0.0579495
57360 0.0778133
57380 0.283201
57400 0.0957486
57420 0.0684689
57440 0.0793013
57460 0.0258223
57480 0.0527686
57500 0.0147338
57520 0.0324504
57540 0.0549107
57560 0.0314111
57580 0.0295344
57600 0.243859
57620 0.674795
57640 0.17473
57660 0.543608
57680 0.377284
57700 0.163679
57720 0.0794778
57740 0.171119
57760 0.09975
57780 0.0125622
57800 0.194588
57820 0.0244882
57840 0.106644
57860 0.0984924
57880 0.0403991
57900 0.108261
57920 0.0184958
57940 0.128009
57960 0.425491
57980 0.0959157
58000 0.328363
58020 0.0785346
58040 0.0349105
58060 0.078845
58080 0.0704135
58100 0.0198563
58120 0.0405675
58140 0.173998
58160 0.266362
58180 0.0365097
58200 0.0890592
58220 0.305948
58240 0.157749
58260 0.0619525
58280 0.349506
58300 0.140866
58320 0.343837
58340 0.0326531
58360 0.104421
58380 0.0610653
58400 0.101496
58420 0.0869681
58440 0.159265
58460 0.171779
58480 0.0636555
58500 0.0223564
58520 0.209173
58540 0.024111
58560 0.0271121
58580 0.0391983
58600 0.0517714
58620 0.256909
58640 0.0762709
58660 0.0528997
58680 0.0796696
58700 0.187076
58720 0.0351254
58740 0.107831
58760 0.0329277
58780 0.237396
58800 0.0174327
58820 0.139237
58840 0.0290602
58860 0.0376292
58880 0.029764
58900 0.0244181
58920 0.248484
58940 0.361882
58960 0.0420203
58980 0.0339853
59000 0.0863165
59020 0.0617343
59040 0.27115
59060 0.222883
59080 0.130808
59100 0.255187
59120 0.17563
59140 0.192237
59160 0.131581
59180 0.242018
59200 0.050878
59220 0.0703767
59240 0.0499083
59260 0.0497417
59280 0.016574
59300 0.230278
59320 0.0627266
59340 0.21472
59360 0.0650891
59380 0.319898
59400 0.0314966
59420 0.0380845
59440 0.0816024
59460 0.0185189
59480 0.109656
59500 0.204983
59520 0.467298
59540 0.299835
59560 0.302745
59580 0.0383802
59600 0.0253245
59620 0.0666003
59640 0.0274456
59660 0.0377714
59680 0.00492268
59700 0.394225
59720 0.0656887
59740 0.0789211
59760 0.0410881
59780 0.0129322
59800 0.331709
59820 0.0407434
59840 0.0203941
59860 0.139548
59880 0.0148148
59900 0.0713167
59920 0.017643
59940 0.0170323
59960 0.0742522
59980 0.0135353
60000 0.0489977
60020 0.236493
60040 0.0598048
60060 0.207775
60080 0.105951
60100 0.101745
60120 0.0893853
60140 0.0719646
60160 0.286221
60180 0.0183613
60200 0.0100185
60220 0.0418491
60240 0.390315
60260 0.0846568
60280 0.162147
60300 0.302277
60320 0.210862
60340 0.308534
60360 0.130205
60380 0.167428
60400 0.141802
60420 0.103797
60440 0.0567846
60460 0.0860152
60480 0.102463
60500 0.0473505
60520 0.19621
60540 0.0316238
60560 0.0435444
60580 0.212345
60600 0.345566
60620 0.031004
60640 0.0201225
60660 0.0893727
60680 0.037182
60700 0.0302401
60720 0.0806512
60740 0.110474
60760 0.290942
60780 0.0391619
60800 0.160407
60820 0.0638077
60840 0.0443992
60860 0.0357073
60880 0.0551422
60900 0.0377445
60920 0.0338454
60940 0.0494043
60960 0.134445
60980 0.341249
61000 0.0114623
61020 0.0260386
61040 0.0800618
61060 0.0335393
61080 0.151427
61100 0.0392722
61120 0.0704635
61140 0.0938327
61160 0.0202229
61180 0.0474223
61200 0.0307495
61220 0.0580926
61240 0.0160343
61260 0.0168747
61280 0.0513337
61300 0.22412
61320 0.158477
61340 0.0322061
61360 0.0296569
61380 0.311806
61400 0.253114
61420 0.0623304
61440 0.147234
61460 0.314816
61480 0.0246946
61500 0.0137104
61520 0.23954
61540 0.00876525
61560 0.0459752
61580 0.173016
61600 0.031325
61620 0.331374
61640 0.0481886
61660 0.0883212
61680 0.0259978
61700 0.109202
61720 0.0367428
61740 0.0556975
61760 0.0668781
61780 0.00954235
61800 0.105791
61820 0.069032
61840 0.140251
61860 0.0288137
61880 0.0265552
61900 0.00722102
61920 0.24993
61940 0.0260126
61960 0.0340395
61980 0.0474447
62000 0.0238779
62020 0.012732
62040 0.0723959
62060 0.0597931
62080 0.0375586
62100 0.184993
62120 0.0544805
62140 0.161793
62160 0.0998705
62180 0.0540155
62200 0.0816219
62220 0.0479563
62240 0.0560283
62260 0.0358984
62280 0.0407086
62300 0.308966
62320 0.0409281
62340 0.051032
62360 0.152381
62380 0.106958
62400 0.264425
62420 0.252435
62440 0.0249529
62460 0.0595318
62480 0.0684968
62500 0.0151442
62520 0.0638824
62540 0.0224772
62560 0.12949
62580 0.0141869
62600 0.0784511
62620 0.0526954
62640 0.0456724
62660 0.0400561
62680 0.120495
62700 0.213795
62720 0.260374
62740 0.302928
62760 0.276261
62780 0.0293569
62800 0.298921
62820 0.212137
62840 0.0187743
62860 0.0355156
62880 0.0980398
62900 0.0316628
62920 0.0459263
62940 0.0326015
62960 0.109064
62980 0.225925
63000 0.0625232
63020 0.0634723
63040 0.182315
63060 0.0115028
63080 0.129399
63100 0.063855
63120 0.0535037
63140 0.0528057
63160 0.0414669
63180 0.13434
63200 0.16871
63220 0.0554958
63240 0.13355
63260 0.147139
63280 0.0424412
63300 0.217318
63320 0.0158716
63340 0.484365
63360 0.16936
63380 0.0137195
63400 0.180285
63420 0.0454589
63440 0.0688301
63460 0.092752
63480 0.079871
63500 0.204198
63520 0.0232913
63540 0.0160719
63560 0.0226098
63580 0.187688
63600 0.0607003
63620 0.266279
63640 0.00991302
63660 0.0622458
63680 0.137992
63700 0.222134
63720 0.0573542
63740 0.114444
63760 0.136374
63780 0.0276479
63800 0.0209853
63820 0.146614
63840 0.0593662
63860 0.011151
63880 0.0387826
63900 0.00714749
63920 0.0319533
63940 0.0401409
63960 0.0385285
63980 0.0966519
64000 0.0171588
64020 0.0488684
64040 0.0674037
64060 0.0425072
64080 0.0396762
64100 0.142791
64120 0.0179326
64140 0.0821842
64160 0.0823989
64180 0.163183
64200 0.0265708
64220 0.199539
64240 0.0367742
64260 0.0265928
64280 0.0559805
64300 0.0571089
64320 0.0780158
64340 0.127891
64360 0.0141384
64380 0.0419132
64400 0.189499
64420 0.115189
64440 0.26633
64460 0.0749163
64480 0.0375322
64500 0.0558251
64520 0.408195
64540 0.111023
64560 0.137864
64580 0.132924
64600 0.146549
64620 0.0417622
64640 0.0198953
64660 0.250885
64680 0.0919018
64700 0.0489907
64720 0.0105035
64740 0.2881
64760 0.327497
64780 0.090938
64800 0.223781
64820 0.299607
64840 0.287999
64860 0.00608664
64880 0.0848036
64900 0.0691308
64920 0.137442
64940 0.0319572
64960 0.0966177
64980 0.180222
65000 0.0387724
65020 0.00948822
65040 0.0828341
65060 0.0292381
65080 0.0198982
65100 0.122839
65120 0.0417419
65140 0.123581
65160 0.111363
65180 0.0140898
65200 0.0370485
65220 0.144967
65240 0.157695
65260 0.417995
65280 0.240314
65300 0.0648095
65320 0.126271
65340 0.162312
65360 0.364736
65380 0.0568375
65400 0.176861
65420 0.0807837
65440 0.202818
65460 0.115624
65480 0.0277621
65500 0.0963981
65520 0.766033
65540 0.015328
65560 0.214832
65580 0.0149178
65600 0.061648
65620 0.0763028
65640 0.118522
65660 0.0783173
65680 0.0226958
65700 0.0758117
65720 0.200013
65740 0.228745
65760 0.100031
65780 0.0592284
65800 0.0465681
65820 0.059036
65840 0.0681856
65860 0.086388
65880 0.0674112
65900 0.0485314
65920 0.0798798
65940 0.251885
65960 0.0635322
65980 0.444503
66000 0.0184238
66020 0.020929
66040 0.282542
66060 0.178501
66080 0.269259
66100 0.238569
66120 0.0934072
66140 0.00347182
66160 0.0763454
66180 0.0362156
66200 0.0265485
66220 0.0194819
66240 0.081436
66260 0.033536
66280 0.260072
66300 0.016123
66320 0.0661912
66340 0.147304
66360 0.108653
66380 0.0285206
66400 0.190411
66420 0.11936
66440 0.223169
66460 0.0388707
66480 0.0585497
66500 0.328517
66520 0.0587706
66540 0.14247
66560 0.00807981
66580 0.12083
66600 0.0710876
66620 0.0503613
66640 0.0721093
66660 0.0984021
66680 0.0280037
66700 0.0295279
66720 0.187573
66740 0.0391307
66760 0.304017
66780 0.0851109
66800 0.0806769
66820 0.0527894
66840 0.223071
66860 0.125319
66880 0.0340167
66900 0.0405084
66920 0.252908
66940 0.017325
66960 0.216188
66980 0.0250732
67000 0.0584634
67020 0.0650246
67040 0.0303854
67060 0.018555
67080 0.16253
67100 0.0330341
67120 0.00507833
67140 0.0276078
67160 0.273256
67180 0.0152795
67200 0.0488735
67220 0.199166
67240 0.136562
67260 0.0102368
67280 0.0179104
67300 0.0659476
67320 0.0211173
67340 0.280988
67360 0.0503819
67380 0.00533787
67400 0.0339721
67420 0.246004
67440 0.200345
67460 0.152393
67480 0.044131
67500 0.365822
67520 0.0315375
67540 0.200279
67560 0.0315729
67580 0.0427624
67600 0.0580337
67620 0.0134419
67640 0.0604469
67660 0.0850775
67680 0.0284554
67700 0.0170951
67720 0.61874
67740 0.06634
67760 0.252878
67780 0.131241
67800 0.0442025
67820 0.0532474
67840 0.0781234
67860 0.10155
67880 0.155535
67900 0.0658571
67920 0.120316
67940 0.0529827
67960 0.207727
67980 0.0193902
68000 0.00812683
68020 0.341174
68040 0.186634
68060 0.125412
68080 0.122954
68100 0.0405466
68120 0.00547945
68140 0.0718195
68160 0.323636
68180 0.223808
68200 0.0601739
68220 0.196587
68240 0.0422026
68260 0.116624
68280 0.0442413
68300 0.232798
68320 0.00645029
68340 0.139143
68360 0.107094
68380 0.208679
68400 0.108901
68420 0.125967
68440 0.192261
68460 0.0789993
68480 0.172921
68500 0.122219
68520 0.0645385
68540 0.0381089
68560 0.185342
68580 0.252998
68600 0.0589309
68620 0.00397304
68640 0.3053
68660 0.18985
68680 0.0348339
68700 0.0295452
68720 0.204638
68740 0.09983
68760 0.034565
68780 0.342681
68800 0.0714557
68820 0.0475322
68840 0.257111
68860 0.0361391
68880 0.301244
68900 0.172508
68920 0.142579
68940 0.0370287
68960 0.189017
68980 0.0679675
69000 0.0635088
69020 0.273508
69040 0.0231912
69060 0.171205
69080 0.0404343
69100 0.0896221
69120 0.16736
69140 0.0223611
69160 0.103557
69180 0.232141
69200 0.10462
69220 0.0562189
69240 0.00916454
69260 0.0598344
69280 0.0289924
69300 0.216225
69320 0.0124031
69340 0.0735829
69360 0.0207617
69380 0.0283488
69400 0.0205065
69420 0.086149
69440 0.0619925
69460 0.0580839
69480 0.0633769
69500 0.0503756
69520 0.0613468
69540 0.195266
69560 0.223848
69580 0.0241249
69600 0.0568217
69620 0.103669
69640 0.0237052
69660 0.00455785
69680 0.135286
69700 0.0694256
69720 0.171374
69740 0.0300433
69760 0.156267
69780 0.0764697
69800 0.208798
69820 0.13328
69840 0.0959016
69860 0.24056
69880 0.0579682
69900 0.0668856
69920 0.0980223
69940 0.216011
69960 0.00536073
69980 0.176919
70000 0.0646775
70020 0.0903057
70040 0.210073
70060 0.0539533
70080 0.158662
70100 0.235417
70120 0.0165556
70140 0.0560885
70160 0.43899
70180 0.0724894
70200 0.106937
70220 0.288789
70240 0.0675536
70260 0.188039
70280 0.0357189
70300 0.0671786
70320 0.150222
70340 0.0376713
70360 0.0645902
70380 0.0523364
70400 0.064801
70420 0.0719491
70440 0.091669
70460 0.031578
70480 0.129448
70500 0.0691188
70520 0.0262382
70540 0.0744028
70560 0.116749
70580 0.141005
70600 0.266791
70620 0.0245073
70640 0.159316
70660 0.0506265
70680 0.122642
70700 0.182389
70720 0.0311277
70740 0.018048
70760 0.0264755
70780 0.0176943
70800 0.0279094
70820 0.0784938
70840 0.0578863
70860 0.017952
70880 0.245987
70900 0.0481506
70920 0.111318
70940 0.106058
70960 0.258637
70980 0.128881
71000 0.0404405
71020 0.154735
71040 0.0044339
71060 0.226262
71080 0.0507333
71100 0.0367019
71120 0.0342769
71140 0.0699726
71160 0.0248856
71180 0.139686
71200 0.234925
71220 0.0520294
71240 0.0694275
71260 0.00850765
71280 0.194676
71300 0.0881597
71320 0.248888
71340 0.0874722
71360 0.102802
71380 0.102622
71400 0.0322425
71420 0.194451
71440 0.284726
71460 0.158365
71480 0.0212363
71500 0.152382
71520 0.027767
71540 0.440471
71560 0.0306231
71580 0.107207
71600 0.362573
71620 0.293861
71640 0.128926
71660 0.0395858
71680 0.0105639
71700 0.205011
71720 0.233384
71740 0.0479101
71760 0.0534974
71780 0.0496444
71800 0.0713804
71820 0.0848731
71840 0.160745
71860 0.139643
71880 0.0422869
71900 0.188729
71920 0.0633828
71940 0.0448587
71960 0.283154
71980 0.163286
72000 0.0585061
72020 0.0369739
72040 0.0709665
72060 0.131188
72080 0.056541
72100 0.133292
72120 0.0422738
72140 0.0495933
72160 0.0118355
72180 0.0215898
72200 0.0709067
72220 0.0240654
72240 0.0135022
72260 0.0843789
72280 0.161348
72300 0.0250533
72320 0.121677
72340 0.187368
72360 0.0438774
72380 0.0501479
72400 0.0662073
72420 0.0221341
72440 0.0878795
72460 0.111861
72480 0.0727651
72500 0.0863058
72520 0.0668666
72540 0.0476644
72560 0.0684649
72580 0.0737148
72600 0.0253002
72620 0.275819
72640 0.18675
72660 0.0210316
72680 0.0831888
72700 0.0178884
72720 0.048034
72740 0.0751332
72760 0.0457223
72780 0.206441
72800 0.0143076
72820 0.0265699
72840 0.0794208
72860 0.0983492
72880 0.110089
72900 0.247535
72920 0.289754
72940 0.0809705
72960 0.0351562
72980 0.0813022
73000 0.0233499
73020 0.177094
73040 0.0551319
73060 0.0358339
73080 0.280122
73100 0.0368298
73120 0.0463763
73140 0.0524601
73160 0.148234
73180 0.0545339
73200 0.0498017
73220 0.467423
73240 0.0480459
73260 0.339538
73280 0.0734721
73300 0.0926104
73320 0.203623
73340 0.0966983
73360 0.0367836
73380 0.151854
73400 0.0987633
73420 0.0780173
73440 0.446766
73460 0.0462087
73480 0.169316
73500 0.0544671
73520 0.0187771
73540 0.0415035
73560 0.0605408
73580 0.0183141
73600 0.0633843
73620 0.0320725
73640 0.0236261
73660 0.0590148
73680 0.188419
73700 0.010999
73720 0.0313287
73740 0.00696262
73760 0.00954414
73780 0.0799367
73800 0.0427549
73820 0.0968339
73840 0.110529
73860 0.17711
73880 0.0359145
73900 0.033589
73920 0.0258536
73940 0.0688046
73960 0.0365145
73980 0.199238
74000 0.0621081
74020 0.203032
74040 0.0334731
74060 0.144056
74080 0.0971722
74100 0.0182439
74120 0.0588574
74140 0.0359886
74160 0.0738787
74180 0.0868929
74200 0.124946
74220 0.303059
74240 0.0764915
74260 0.067073
74280 0.240186
74300 0.0317456
74320 0.204123
74340 0.293208
74360 0.0429048
74380 0.0588957
74400 0.234762
74420 0.180363
74440 0.0125547
74460 0.201821
74480 0.105518
74500 0.118623
74520 0.0518298
74540 0.0159724
74560 0.207623
74580 0.0398307
74600 0.0331301
74620 0.115939
74640 0.180887
74660 0.386324
74680 0.0662792
74700 0.114657
74720 0.123954
74740 0.059626
74760 0.206215
74780 0.0398797
74800 0.039459
74820 0.0762073
74840 0.0630866
74860 0.138523
74880 0.0526744
74900 0.0260927
74920 0.21949
74940 0.0529528
74960 0.120915
74980 0.00425134
75000 0.0556295
75020 0.072575
75040 0.193444
75060 0.160709
75080 0.0515553
75100 0.0107544
75120 0.039443
75140 0.333758
75160 0.0766967
75180 0.0330504
75200 0.17739
75220 0.0720363
75240 0.0658248
75260 0.0668029
75280 0.0992139
75300 0.0555322
75320 0.0676574
75340 0.412984
75360 0.060081
75380 0.183687
75400 0.0464075
75420 0.0219218
75440 0.0289907
75460 0.232397
75480 0.476941
75500 0.0888503
75520 0.022763
75540 0.179577
75560 0.332144
75580 0.00694178
75600 0.0481286
75620 0.0241701
75640 0.022559
75660 0.222526
75680 0.0615484
75700 0.334135
75720 0.0416909
75740 0.0128693
75760 0.176762
75780 0.027676
75800 0.0518301
75820 0.0227208
75840 0.119684
75860 0.068119
75880 0.0855605
75900 0.00698794
75920 0.0261919
75940 0.0205461
75960 0.189344
75980 0.105137
76000 0.0302306
76020 0.171429
76040 0.0421456
76060 0.0503499
76080 0.0598353
76100 0.359356
76120 0.464253
76140 0.0407996
76160 0.0575019
76180 0.053594
76200 0.0145204
76220 0.0074504
76240 0.103197
76260 0.0717907
76280 0.0604661
76300 0.0282079
76320 0.0635666
76340 0.404954
76360 0.20509
76380 0.0412183
76400 0.0506709
76420 0.141449
76440 0.0947924
76460 0.0514001
76480 0.0478312
76500 0.0515882
76520 0.0124344
76540 0.0602866
76560 0.0601877
76580 0.020555
76600 0.0325525
76620 0.0623674
76640 0.0312963
76660 0.0253583
76680 0.101569
76700 0.157844
76720 0.0178859
76740 0.0208503
76760 0.0508295
76780 0.298081
76800 0.0181903
76820 0.0599188
76840 0.0644385
76860 0.0861337
76880 0.140577
76900 0.0931979
76920 0.16001
76940 0.0751326
76960 0.0693723
76980 0.0328259
77000 0.206068
77020 0.236121
77040 0.100398
77060 0.122564
77080 0.0476037
77100 0.0309558
77120 0.302952
77140 0.0733642
77160 0.0284205
77180 0.0958716
77200 0.0858684
77220 0.00658103
77240 0.0325035
77260 0.0528634
77280 0.0638258
77300 0.0705041
77320 0.0329193
77340 0.0268123
77360 0.0499403
77380 0.165549
77400 0.0391568
77420 0.0138776
77440 0.181112
77460 0.0687189
77480 0.0430796
77500 0.0302018
77520 0.0225714
77540 0.0309443
77560 0.00485446
77580 0.0114003
77600 0.597922
77620 0.0436178
77640 0.102811
77660 0.121797
77680 0.0280849
77700 0.147729
77720 0.00613524
77740 0.0224683
77760 0.0199467
77780 0.0460876
77800 0.01793
77820 0.0779612
77840 0.0249785
77860 0.00964177
77880 0.076722
77900 0.15569
77920 0.138033
77940 0.0103711
77960 0.018726
77980 0.0854118
78000 0.0496391
78020 0.142148
78040 0.0442256
78060 0.0393679
78080 0.306395
78100 0.0844184
78120 0.0639044
78140 0.019863
78160 0.0820249
78180 0.0841171
78200 0.168226
78220 0.046856
78240 0.0186777
78260 0.0278636
78280 0.0440502
78300 0.1018
78320 0.091406
78340 0.167225
78360 0.0247282
78380 0.0425858
78400 0.180304
78420 0.0442352
78440 0.0647666
78460 0.0330195
78480 0.0520945
78500 0.0486281
78520 0.0222185
78540 0.043932
78560 0.478511
78580 0.116644
78600 0.0215009
78620 0.373318
78640 0.0066807
78660 0.126037
78680 0.0288721
78700 0.0506431
78720 0.0242634
78740 0.101703
78760 0.171266
78780 0.0594734
78800 0.130595
78820 0.0627487
78840 0.0401237
78860 0.00663946
78880 0.0582342
78900 0.0211966
78920 0.0368664
78940 0.251069
78960 0.0185523
78980 0.064432
79000 0.0509037
79020 0.0247273
79040 0.0190999
79060 0.201597
79080 0.0815848
79100 0.0523393
79120 0.081659
79140 0.0178485
79160 0.0341179
79180 0.0525784
79200 0.0372989
79220 0.161515
79240 0.0988961
79260 0.0179275
79280 0.0872533
79300 0.251161
79320 0.0314557
79340 0.0510797
79360 0.125542
79380 0.00201617
79400 0.0567206
79420 0.0650653
79440 0.00913048
79460 0.130338
79480 0.0986676
79500 0.102481
79520 0.0534201
79540 0.0533921
79560 0.103213
79580 0.240854
79600 0.0428609
79620 0.494285
79640 0.0375902
79660 0.168229
79680 0.0368715
79700 0.292735
79720 0.166405
79740 0.0436004
79760 0.0901801
79780 0.199508
79800 0.0326837
79820 0.112093
79840 0.279943
79860 0.023302
79880 0.0627817
79900 0.063881
79920 0.0783399
79940 0.0332985
79960 0.0227381
79980 0.0299857
