0.374964
0.486721
0.36827
0.288595
0.319833
0.0842517
0.277082
0.356228
0.197036
0.279397
0.230158
0.353689
0.223352
0.200792
0.26085
0.0231769
0.214307
0.308321
0.154254
0.295577
0.132584
0.200389
0.104903
0.220442
0.187852
0.189441
0.0514696
0.16806
0.190591
0.0520884
0.195261
0.162637
0.0950529
0.227025
0.196062
0.154266
0.0207936
0.185278
0.120022
0.126965
0.178501
0.226475
0.180808
0.224265
0.0485554
0.238571
0.210807
0.177216
0.249359
0.11427
0.169772
0.12281
0.19213
0.186967
0.123401
0.0261125
0.229869
0.186997
0.140119
0.265083
0.122555
0.0872938
0.265301
0.223378
0.208444
0.0998128
0.181996
0.243463
0.14785
0.256706
0.161343
0.215599
0.161263
0.132975
0.216885
0.153803
0.0895595
0.180159
0.0372155
0.243264
0.283187
0.16984
0.134941
0.0819998
0.214228
0.161491
0.0862091
0.169178
0.245197
0.180863
0.110997
0.182459
0.0399047
0.114316
0.24317
0.160751
0.156902
0.144157
0.193387
0.236602
0.140749
0.244291
0.121084
0.0492382
0.136498
0.221787
0.146841
0.118041
0.138091
0.168226
0.250708
0.282905
0.126354
0.0767222
0.144373
0.180234
0.159615
0.26778
0.201691
0.20121
0.25798
0.13958
0.247454
0.186494
0.137836
0.0569753
0.14274
0.225585
0.167676
0.265031
0.155381
0.281928
0.226368
0.198474
0.166228
0.228647
0.169218
0.158231
0.13754
0.135626
0.229492
0.243619
0.192801
0.111258
0.233027
0.148154
0.153188
0.269821
0.145799
0.175327
0.0984907
0.179163
0.188092
0.101726
0.214951
0.0672067
0.186369
0.195642
0.119134
0.177883
0.0775565
0.183282
0.203521
0.220421
0.191065
0.199432
0.198154
0.201688
0.230598
0.0925525
0.273162
0.181851
0.123125
0.407691
0.153637
0.175583
0.102699
0.141748
0.136055
0.106797
0.152368
0.127906
0.139622
0.117632
0.175961
0.254557
0.188013
0.326952
0.102556
0.1412
0.0845864
0.190082
0.140905
0.296359
0.116249
0.0868869
0.171616
0.18918
0.149243
0.215288
0.259551
0.243923
0.119139
0.150371
0.391304
0.160874
0.0929599
0.100508
0.0715292
0.250517
0.178551
0.228427
0.155993
0.108478
0.183545
0.149794
0.1046
0.217985
0.197658
0.138662
0.194275
0.296957
0.2429
0.319133
0.11095
0.252436
0.177051
0.145995
0.103175
0.107597
0.125424
0.141012
0.210619
0.206495
0.215931
0.20066
0.27368
0.113669
0.198404
0.225397
0.208614
0.173958
0.137032
0.0907978
0.225408
0.208683
0.119778
0.175533
0.116641
0.15533
0.103687
0.171326
0.218991
0.205144
0.111336
0.163686
0.177358
0.203089
0.0765364
0.10687
0.137266
0.187029
0.300379
0.139661
0.166387
0.162235
0.0584465
0.247585
0.165085
0.260653
0.169665
0.152261
0.278159
0.170993
0.238814
0.227008
0.154929
0.209258
0.259859
0.103699
0.0504067
0.193757
0.0955165
0.125213
0.133135
0.200673
0.193516
0.206711
0.24389
0.256949
0.221142
0.349696
0.178137
0.231316
0.132863
0.252674
0.194427
0.0760552
0.253994
0.139958
0.165138
0.130931
0.131075
0.163114
0.120828
0.256065
0.263962
0.257935
0.137903
0.308599
0.0877654
0.209121
0.176672
0.112992
0.069586
0.18542
0.137391
0.171571
0.197136
0.160779
0.146668
0.195294
0.285199
0.154982
0.128183
0.183176
0.116086
0.109914
0.163848
0.174699
0.187798
0.2145
0.0751797
0.183531
0.105174
0.278806
0.13318
0.173184
0.221054
0.0817992
0.0820563
0.163698
0.186934
0.118994
0.237307
0.0959546
0.133312
0.141849
0.217393
0.224438
0.112926
0.068981
0.249236
0.347088
0.220507
0.0399532
0.194389
0.0750553
0.196082
0.182237
0.0859041
0.1182
0.168805
0.107082
0.147335
0.107682
0.0886658
0.0794583
0.102661
0.212099
0.140092
0.163729
0.209145
0.146574
0.0947041
0.150554
0.148327
0.156624
0.183385
0.280961
0.130389
0.199451
0.198285
0.238645
0.19717
0.185074
0.18049
0.0232686
0.1894
0.152016
0.184318
0.207045
0.202816
0.103473
0.161395
0.180119
0.244865
0.154418
0.235673
0.184686
0.242781
0.172809
0.28976
0.136572
0.0991357
0.181522
0.140588
0.153916
0.23693
0.115811
0.223283
0.144534
0.0682013
0.211709
0.119001
0.17021
0.183579
0.145717
0.0848887
0.174262
0.055481
0.0587969
0.162626
0.163459
0.0827827
0.242226
0.156535
0.168491
0.197304
0.184363
0.183901
0.144142
0.289122
0.202439
0.274699
0.126309
0.109696
0.108002
0.0922261
0.190029
0.123132
0.195252
0.121076
0.282952
0.0588812
0.202102
0.248278
0.163588
0.196796
0.197721
0.192423
0.20028
0.220635
0.176542
0.134526
0.113335
0.178606
0.134878
0.218592
0.166626
0.190393
0.164114
0.126909
0.0841218
0.121372
0.136483
0.0931633
0.172923
0.130129
0.129689
0.243151
0.197637
0.210935
0.166147
0.203623
0.260687
0.128727
0.184671
0.144898
0.126454
0.0842973
0.13838
0.183228
0.155806
0.194719
0.0884778
0.227586
0.286262
0.130578
0.0870636
0.0870181
0.144093
0.221641
0.127898
0.130124
0.149724
0.164741
0.183044
0.125045
0.18319
0.217821
0.231388
0.166824
0.150818
0.128784
0.153505
0.145622
0.143516
0.113611
0.295009
0.142472
0.20072
0.178922
0.0891064
0.210234
0.216127
0.143311
0.209032
0.148035
0.140791
0.268682
0.235428
0.178538
0.0677488
0.271421
0.123152
0.323833
0.228462
0.195538
0.156966
0.121797
0.100081
0.17569
0.151416
0.13368
0.220883
0.266553
0.227487
0.420799
0.0984788
0.181256
0.181459
0.177959
0.143817
0.148326
0.125022
0.227149
0.0991724
0.0758164
0.227675
0.181514
0.300232
0.186811
0.103688
0.0579557
0.197985
0.221054
0.186202
0.244869
0.119726
0.207668
0.102056
0.115016
0.284825
0.134843
0.201949
0.170052
0.208308
0.322404
0.120105
0.378687
0.206948
0.101061
0.136725
0.124903
0.156555
0.210898
0.158012
0.176841
0.0760515
0.186201
0.196813
0.173005
0.128872
0.128651
0.227574
0.200448
0.17851
0.175438
0.103564
0.250225
0.179916
0.164752
0.231035
0.12576
0.15494
0.177677
0.179373
0.214835
0.125794
0.0727319
0.0888199
0.148652
0.110077
0.19985
0.228117
0.136631
0.208974
0.202903
0.145991
0.242807
0.184005
0.16307
0.121884
0.244187
0.145924
0.0958164
0.198966
0.246439
0.245878
0.15216
0.15296
0.149715
0.274804
0.143517
0.107812
0.108731
0.143681
0.243858
0.183852
0.100413
0.0654014
0.313393
0.190985
0.162963
0.0779351
0.158594
0.154335
0.156581
0.243089
0.0811487
0.110303
0.179084
0.130527
0.190861
0.0870844
0.128025
0.106866
0.201568
0.0700991
0.202408
0.23073
0.116281
0.229251
0.123017
0.028423
0.158037
0.178427
0.0405628
0.135505
0.0539731
0.135733
0.192216
0.1196
0.295702
0.1079
0.312448
0.156335
0.150315
0.188715
0.120371
0.232701
0.206949
0.0811998
0.202443
0.267327
0.192822
0.251398
0.0486023
0.141483
0.175681
0.359412
0.0932139
0.102958
0.104899
0.2016
0.286539
0.184278
0.149029
0.131798
0.207793
0.0622721
0.252483
0.161722
0.0913867
0.153526
0.132901
0.127365
0.195747
0.158514
0.245227
0.131562
0.150833
0.246544
0.156394
0.215203
0.120532
0.147378
0.219962
0.101848
0.150235
0.0873868
0.142929
0.110027
0.142876
0.0928443
0.195063
0.181897
0.214521
0.152939
0.0863023
0.123811
0.211756
0.161867
0.108237
0.274686
0.101465
0.0802781
0.223342
0.0980507
0.132354
0.182782
0.160738
0.133612
0.0887105
0.167947
0.142101
0.0867378
0.165539
0.153279
0.125413
0.179952
0.1559
0.204999
0.214639
0.21335
0.120858
0.308363
0.217845
0.232488
0.109218
0.237047
0.0638248
0.207698
0.122795
0.148113
0.201906
0.13218
0.187895
0.144619
0.184228
0.248453
0.196207
0.130149
0.173573
0.115116
0.188506
0.229708
0.222117
0.120519
0.118169
0.168553
0.148802
0.0901964
0.185251
0.246008
0.369425
0.237374
0.0592126
0.172115
0.0931417
0.169572
0.246412
0.177596
0.171871
0.226351
0.171949
0.294843
0.202936
0.102735
0.204939
0.111254
0.209247
0.150295
0.158321
0.198893
0.17549
0.210283
0.204232
0.142562
0.150916
0.137244
0.125255
0.106766
0.175676
0.14725
0.226345
0.272666
0.225534
0.0703161
0.0897088
0.240929
0.128111
0.187974
0.160272
0.275117
0.156773
0.175784
0.102739
0.137439
0.119638
0.202805
0.140849
0.278091
0.148005
0.136247
0.127284
0.201489
0.149104
0.210869
0.106526
0.221548
0.14358
0.0482688
0.221262
0.189851
0.197724
0.0888796
0.161575
0.090416
0.0844704
0.199172
0.188631
0.242039
0.173131
0.193007
0.149003
0.196831
0.188946
0.192083
0.188594
0.29035
0.151714
0.265788
0.123082
0.111517
0.224425
0.122435
0.20304
0.189534
0.0753973
0.168059
0.21832
0.223059
0.272157
0.14923
0.101921
0.207126
0.11213
0.150338
0.184986
0.151046
0.107566
0.149535
0.21357
0.0987192
0.20519
0.170245
0.153773
0.267036
0.232747
0.187023
0.114609
0.226836
0.23079
0.174798
0.129498
0.273688
0.0773716
0.178103
0.301291
0.0603294
0.149273
0.151482
0.0414494
0.109841
0.228879
0.149111
0.205224
0.0847657
0.171627
0.208378
0.124115
0.232333
0.179221
0.210146
0.138394
0.140933
0.199238
0.166435
0.155071
0.0835246
0.247181
0.0873019
0.0369629
0.055146
0.128573
0.187785
0.12432
0.113613
0.234985
0.0655997
0.0542186
0.120676
0.180732
0.168651
0.0989694
0.174928
0.193886
0.235891
0.145861
0.142277
0.162621
0.162545
0.137019
0.212493
0.187625
0.198009
0.137587
0.133785
0.0839318
0.117315
0.167184
0.30136
0.118269
0.0933866
0.15625
0.297141
0.181579
0.137447
0.122345
0.102365
0.248605
0.134674
0.193217
0.0614297
0.323504
0.0789955
0.191085
0.194954
0.146876
0.116586
0.237949
0.240815
0.101944
0.109828
0.0932923
0.111275
0.196608
0.181749
0.146495
0.270062
0.220857
0.0588072
0.171134
0.106468
0.196224
0.201656
0.198497
0.27135
0.164857
0.116178
0.233253
0.181085
0.187743
0.138505
0.133347
0.189961
0.219036
0.141806
0.402302
0.196037
0.193157
0.162506
0.155297
0.125526
0.114027
0.216159
0.14946
0.188616
0.126502
0.126791
0.127218
0.110675
0.141122
0.147756
0.210298
0.244987
0.172139
0.0590874
0.226168
0.184011
0.154736
0.121763
0.1051
0.140362
0.157464
0.16898
0.171102
0.151203
0.101282
0.227917
0.238099
0.129772
0.179268
0.175896
0.218267
0.163003
0.28059
0.272234
0.133961
0.0898815
0.0882331
0.14434
0.174211
0.101659
0.273295
0.119503
0.198727
0.194331
0.152034
0.129916
0.240473
0.205085
0.177901
0.203864
0.0889614
0.191768
0.129019
0.145666
0.063685
0.0841242
0.203658
0.0729402
0.0673189
0.207421
0.143932
0.151256
0.0966128
0.0493307
0.0338719
0.172302
0.165326
0.162858
0.203054
0.104817
0.219891
0.153103
0.150566
0.0867365
0.133693
0.173742
0.175497
0.101205
0.169029
0.249239
0.154803
0.190484
0.135214
0.101535
0.158918
0.229917
0.185049
0.203987
0.18785
0.0610152
0.16561
0.189621
0.152779
0.19307
0.135486
0.109661
0.153527
0.160452
0.211001
0.134345
0.120777
0.0715144
0.181941
0.297773
0.171514
0.11594
0.345852
0.233351
0.188197
0.0922491
0.152073
0.21001
0.210616
0.0472873
0.156809
0.0696071
0.247675
0.094627
0.213189
0.121274
0.132129
0.138098
0.245189
0.229234
0.0327397
0.0691627
0.091688
0.199961
0.26686
0.126599
0.182781
0.191803
0.138862
0.220665
0.0731876
0.205226
0.205047
0.129149
0.189757
0.135223
0.145631
0.105244
0.0297655
0.159946
0.127288
0.226945
0.227171
0.113623
0.16758
0.162708
0.169761
0.0680449
0.215198
0.07973
0.100669
0.100544
0.225871
0.15588
0.220657
0.157969
0.109808
0.0805312
0.160766
0.176464
0.0879779
0.262525
0.191208
0.167945
0.307082
0.0973309
0.11048
0.173861
0.099102
0.173049
0.0756263
0.121201
0.0650381
0.129453
0.224327
0.247869
0.196661
0.0677529
0.145629
0.124958
0.092487
0.0761249
0.0901906
0.077758
0.253862
0.222551
0.255597
0.166252
0.115363
0.136017
0.142212
0.132226
0.23832
0.135285
0.205282
0.107751
0.342019
0.159935
0.25358
0.22372
0.110116
0.206011
0.307228
0.127982
0.131972
0.144378
0.153956
0.134656
0.0794248
0.149549
0.259692
0.201768
0.161911
0.236024
0.231884
0.150233
0.159646
0.150088
0.22594
0.167883
0.153888
0.260466
0.12274
0.245104
0.242039
0.187778
0.105164
0.140861
0.140629
0.123549
0.127571
0.192858
0.188756
0.123025
0.20693
0.115136
0.219113
0.163566
0.139186
0.0653607
0.338162
0.200957
0.134733
0.153041
0.148623
0.145795
0.160642
0.226743
0.0612021
0.195214
0.211348
0.153736
0.127257
0.203111
0.0382446
0.0935982
0.163624
0.26396
0.14154
0.172713
0.110483
0.199844
0.282393
0.232798
0.119811
0.144161
0.17586
0.104654
0.279152
0.240545
0.146279
0.187503
0.0845035
0.114491
0.221274
0.138623
0.105527
0.342043
0.126977
0.159666
0.107595
0.225651
0.241853
0.177283
0.261836
0.10152
0.155484
0.12224
0.165662
0.202622
0.149973
0.095921
0.121762
0.223722
0.154512
0.232974
0.0987374
0.209263
0.126543
0.112543
0.193582
0.22753
0.0942072
0.0795053
0.138012
0.190416
0.221729
0.135234
0.0877351
0.17292
0.163873
0.211212
0.113458
0.171802
0.127814
0.145546
0.317038
0.253601
0.158783
0.119591
0.0994855
0.199098
0.125945
0.176671
0.193585
0.158304
0.13951
0.208231
0.0604014
0.109295
0.201348
0.234766
0.188934
0.136237
0.17795
0.230013
0.136305
0.111928
0.120864
0.213156
0.160405
0.238843
0.119588
0.106618
0.137217
0.105479
0.227394
0.229856
0.143743
0.190136
0.233135
0.19953
0.0476289
0.186194
0.189671
0.102949
0.156369
0.187999
0.21141
0.0959872
0.182528
0.220916
0.13688
0.104155
0.120639
0.113238
0.152383
0.0749522
0.135387
0.369688
0.166168
0.145701
0.136571
0.0819127
0.0960052
0.210113
0.210077
0.19955
0.172408
0.0449868
0.288431
0.174808
0.25683
0.146932
0.247157
0.198126
0.200077
0.149342
0.113029
0.155296
0.169189
0.0841738
0.0816857
0.152287
0.28194
0.0578482
0.117512
0.0812255
0.13658
0.18413
0.208107
0.298497
0.190721
0.159417
0.135908
0.115381
0.181246
0.212065
0.17439
0.127427
0.0844991
0.101657
0.233301
0.107671
0.161158
0.0904644
0.177039
0.152624
0.143904
0.117925
0.157332
0.170551
0.206529
0.160312
0.207992
0.202562
0.161876
0.210328
0.201523
0.100967
0.159336
0.138508
0.0491359
0.134495
0.178202
0.213411
0.256326
0.168722
0.17758
0.186325
0.0822159
0.154019
0.272874
0.196221
0.123038
0.172576
0.101825
0.1783
0.0748774
0.135817
0.0604575
0.178501
0.0587611
0.158985
0.100838
0.140458
0.198212
0.198155
0.1864
0.192312
0.0590922
0.079502
0.093298
0.226699
0.25633
0.0921764
0.169391
0.1606
0.183228
0.313161
0.129414
0.138461
0.0639039
0.0994121
0.22575
0.325951
0.177877
0.201881
0.122488
0.197277
0.216028
0.11327
0.147063
0.134279
0.110575
0.168769
0.0827249
0.175711
0.139229
0.116192
0.142432
0.210711
0.287908
0.148668
0.115515
0.0775605
0.221937
0.0656863
0.133216
0.17121
0.214068
0.113762
0.133072
0.177962
0.195826
0.249432
0.162439
0.261824
0.140383
0.15189
0.136428
0.182514
0.155956
0.124058
0.129167
0.207589
0.119044
0.265031
0.333664
0.207834
0.136172
0.119846
0.126096
0.189486
0.13236
0.201861
0.27723
0.171367
0.15937
0.121835
0.237549
0.125056
0.247449
0.122033
0.170372
0.102914
0.127237
0.149598
0.174291
0.040757
0.183497
0.1598
0.171378
0.305059
0.154686
0.147258
0.257697
0.120827
0.0194642
0.204509
0.122581
0.076592
0.0959404
0.185852
0.190885
0.0651773
0.144016
0.104175
0.128072
0.248589
0.161107
0.122275
0.15152
0.155567
0.147053
0.17917
0.152296
0.154641
0.142651
0.24664
0.173984
0.144508
0.215395
0.211696
0.126234
0.13279
0.155684
0.172019
0.159741
0.156253
0.126528
0.11868
0.112655
0.112648
0.189357
0.0555416
0.213929
0.0864536
0.106707
0.171741
0.219579
0.131913
0.167896
0.200178
0.0571359
0.129199
0.0920436
0.20122
0.160778
0.252862
0.0671482
0.293652
0.0788046
0.144442
0.149253
0.0445974
0.172396
0.159106
0.181726
0.089707
0.154118
0.278658
0.124302
0.121896
0.0955583
0.149755
0.101609
0.116113
0.184999
0.0759979
0.213088
0.0815753
0.129712
0.242429
0.141477
0.19522
0.20802
0.13869
0.148053
0.109426
0.170614
0.134627
0.178179
0.156291
0.147345
0.12717
0.223476
0.0951531
0.197876
0.202694
0.0945175
0.135172
0.143969
0.0875617
0.11913
0.133864
0.131843
0.07249
0.214182
0.094628
0.258754
0.139357
0.127868
0.124393
0.103848
0.161367
0.123577
0.0777639
0.130947
0.131472
0.0609396
0.121244
0.135241
0.243472
0.245001
0.202398
0.291219
0.172091
0.383248
0.190393
0.122213
0.210843
0.10302
0.286182
0.0757582
0.210491
0.137041
0.167373
0.111957
0.0882102
0.131546
0.202177
0.174118
0.0898255
0.171754
0.218145
0.226877
0.135261
0.0768196
0.137058
0.183646
0.0966156
0.238018
0.0748185
0.156059
0.0832093
0.122333
0.222633
0.218373
0.280455
0.169792
0.124485
0.170778
0.151955
0.219281
0.290603
0.145469
0.0700655
0.255116
0.0587632
0.409729
0.0967862
0.0931808
0.0591399
0.219503
0.172312
0.146075
0.227875
0.126574
0.180001
0.13383
0.146307
0.0832537
0.130431
0.119451
0.171521
0.00576989
0.035048
0.361445
0.189496
0.0860251
0.0933772
0.140471
0.128058
0.151097
0.17995
0.158136
0.297871
0.24388
0.201511
0.238441
0.203462
0.102886
0.220146
0.227955
0.0753036
0.087022
0.252957
0.111899
0.190412
0.204947
0.154718
0.162844
0.0667642
0.175944
0.187459
0.202197
0.229432
0.185064
0.239837
0.124994
0.122498
0.17078
0.117861
0.0430855
0.164656
0.135399
0.133176
0.0783048
0.227451
0.202462
0.194115
0.0808214
0.101566
0.190672
0.192411
0.128288
0.112582
0.111771
0.173956
0.235863
0.103683
0.112854
0.260744
0.12503
0.0948834
0.124099
0.130505
0.163125
0.106933
0.119921
0.116262
0.175115
0.261475
0.134184
0.205483
0.180558
0.193819
0.172232
0.245582
0.178721
0.109917
0.176192
0.0380279
0.160929
0.0788072
0.0893572
0.0805754
0.147385
0.0747469
0.266556
0.154312
0.23177
0.17611
0.196319
0.238231
0.183424
0.102234
0.193289
0.159867
0.139708
0.205476
0.0917328
0.128017
0.088655
0.119072
0.176643
0.176731
0.118456
0.0379118
0.0741312
0.07867
0.162785
0.216553
0.261884
0.0911434
0.100946
0.119823
0.149445
0.119086
0.176014
0.135693
0.223627
0.144892
0.0704548
0.304265
0.15183
0.11275
0.174604
0.20666
0.219536
0.129342
0.158631
0.24313
0.294287
0.197291
0.208286
0.10342
0.137401
0.200876
0.113421
0.201856
0.180159
0.177112
0.150802
0.181025
0.0268112
0.1062
0.185919
0.12694
0.0787074
0.231973
0.208851
0.0904655
0.200846
0.213074
0.195854
0.140678
0.125708
0.234239
0.107059
0.265151
0.178471
0.159499
0.11061
0.145437
0.173684
0.306809
0.202822
0.174263
0.0616009
0.0958603
0.0869177
0.149105
0.0748887
0.222913
0.2317
0.185572
0.140456
0.314383
0.174553
0.100603
0.129556
0.114799
0.120525
0.212121
0.0741043
0.182171
0.277714
0.141043
0.260511
0.153949
0.17345
0.116802
0.0744848
0.182016
0.1178
0.267744
0.204385
0.13366
0.202102
0.13931
0.240501
0.180504
0.103725
0.244033
0.224189
0.141403
0.202597
0.105318
0.160355
0.200345
0.187508
0.211389
0.204657
0.0765958
0.181801
0.266057
0.19486
0.109305
0.134839
0.144902
0.147684
0.199162
0.184273
0.293032
0.187433
0.149769
0.143724
0.182496
0.19924
0.213727
0.155815
0.16027
0.177926
0.0945604
0.176571
0.147558
0.142993
0.184389
0.186023
0.078138
0.0576067
0.198125
0.202997
0.123446
0.153901
0.177213
0.191335
0.227032
0.056189
0.102346
0.115501
0.191306
0.201147
0.121436
0.116295
0.172224
0.128823
0.0842233
0.233458
0.154508
0.195253
0.132535
0.131877
0.180745
0.0946225
0.131775
0.251304
0.155735
0.149117
0.163923
0.154955
0.129963
0.158454
0.123505
0.273213
0.207764
0.127159
0.185346
