0 0.609632
20 0.610811
40 0.470833
60 0.418594
80 0.388221
100 0.31534
120 0.307574
140 0.532389
160 0.292761
180 0.413105
200 0.316096
220 0.397198
240 0.292139
260 0.258105
280 0.400363
300 0.072731
320 0.318288
340 0.345139
360 0.209164
380 0.456735
400 0.182631
420 0.257685
440 0.176266
460 0.284525
480 0.25887
500 0.27378
520 0.0874752
540 0.282
560 0.257215
580 0.11987
600 0.230703
620 0.21153
640 0.121413
660 0.281796
680 0.25556
700 0.218399
720 0.0511651
740 0.26161
760 0.142548
780 0.167685
800 0.250748
820 0.276061
840 0.229607
860 0.267221
880 0.105047
900 0.273579
920 0.267509
940 0.264766
960 0.319493
980 0.133054
1000 0.301189
1020 0.244537
1040 0.286227
1060 0.245233
1080 0.158847
1100 0.0594316
1120 0.317489
1140 0.200356
1160 0.197255
1180 0.416563
1200 0.167723
1220 0.152334
1240 0.283149
1260 0.290661
1280 0.255561
1300 0.244504
1320 0.201679
1340 0.351518
1360 0.243132
1380 0.395628
1400 0.228237
1420 0.328597
1440 0.267288
1460 0.212675
1480 0.266536
1500 0.19126
1520 0.15976
1540 0.258175
1560 0.237761
1580 0.290449
1600 0.444784
1620 0.224811
1640 0.195276
1660 0.128605
1680 0.239243
1700 0.244925
1720 0.155117
1740 0.249659
1760 0.273837
1780 0.226986
1800 0.188534
1820 0.259034
1840 0.102188
1860 0.24581
1880 0.308077
1900 0.33321
1920 0.275905
1940 0.213331
1960 0.21505
1980 0.338087
2000 0.223723
2020 0.322192
2040 0.179992
2060 0.092775
2080 0.263321
2100 0.292008
2120 0.322583
2140 0.208718
2160 0.304358
2180 0.311762
2200 0.368063
2220 0.335142
2240 0.181263
2260 0.154368
2280 0.175808
2300 0.264955
2320 0.210578
2340 0.331438
2360 0.27897
2380 0.389877
2400 0.288831
2420 0.228932
2440 0.349223
2460 0.340421
2480 0.249332
2500 0.130881
2520 0.191603
2540 0.397011
2560 0.255782
2580 0.338406
2600 0.262726
2620 0.386126
2640 0.251212
2660 0.277608
2680 0.248572
2700 0.382019
2720 0.240939
2740 0.240272
2760 0.213564
2780 0.243536
2800 0.321518
2820 0.30372
2840 0.242537
2860 0.221251
2880 0.368249
2900 0.287853
2920 0.257028
2940 0.305671
2960 0.203455
2980 0.247672
3000 0.147633
3020 0.270739
3040 0.229335
3060 0.158097
3080 0.295667
3100 0.116072
3120 0.285991
3140 0.25849
3160 0.178479
3180 0.299357
3200 0.0979823
3220 0.24678
3240 0.271998
3260 0.288838
3280 0.232489
3300 0.241553
3320 0.290712
3340 0.263186
3360 0.387176
3380 0.186379
3400 0.407207
3420 0.261217
3440 0.231038
3460 0.49785
3480 0.228754
3500 0.244393
3520 0.197782
3540 0.241038
3560 0.19174
3580 0.179464
3600 0.219171
3620 0.249342
3640 0.260482
3660 0.229328
3680 0.238571
3700 0.34476
3720 0.297192
3740 0.368663
3760 0.158796
3780 0.232942
3800 0.128904
3820 0.312235
3840 0.197997
3860 0.393017
3880 0.196219
3900 0.130961
3920 0.300972
3940 0.218322
3960 0.271094
3980 0.241643
4000 0.336471
4020 0.304755
4040 0.204457
4060 0.25871
4080 0.514138
4100 0.194503
4120 0.136313
4140 0.109763
4160 0.101023
4180 0.334076
4200 0.311414
4220 0.391657
4240 0.250811
4260 0.166232
4280 0.243148
4300 0.193506
4320 0.145561
4340 0.28568
4360 0.297243
4380 0.216932
4400 0.295534
4420 0.380159
4440 0.328489
4460 0.391994
4480 0.167721
4500 0.32033
4520 0.199238
4540 0.267332
4560 0.17727
4580 0.147567
4600 0.183627
4620 0.22682
4640 0.364981
4660 0.37778
4680 0.280518
4700 0.281723
4720 0.333788
4740 0.179672
4760 0.330399
4780 0.294802
4800 0.280766
4820 0.206019
4840 0.210335
4860 0.134029
4880 0.310327
4900 0.25893
4920 0.151036
4940 0.253969
4960 0.141621
4980 0.235493
5000 0.183615
5020 0.2109
5040 0.240605
5060 0.258285
5080 0.195666
5100 0.25463
5120 0.230745
5140 0.246027
5160 0.168896
5180 0.178369
5200 0.22911
5220 0.235264
5240 0.362582
5260 0.184361
5280 0.255306
5300 0.28468
5320 0.0879619
5340 0.344003
5360 0.214727
5380 0.330552
5400 0.23341
5420 0.189927
5440 0.421675
5460 0.284889
5480 0.271993
5500 0.273389
5520 0.231575
5540 0.23494
5560 0.324224
5580 0.15613
5600 0.10158
5620 0.288965
5640 0.165196
5660 0.15272
5680 0.207903
5700 0.270444
5720 0.268209
5740 0.226535
5760 0.356916
5780 0.285281
5800 0.325712
5820 0.406463
5840 0.240721
5860 0.291606
5880 0.206483
5900 0.33879
5920 0.351242
5940 0.121248
5960 0.461922
5980 0.236512
6000 0.260588
6020 0.238132
6040 0.220861
6060 0.298523
6080 0.211058
6100 0.406978
6120 0.331198
6140 0.313403
6160 0.246519
6180 0.442801
6200 0.13228
6220 0.273459
6240 0.309149
6260 0.259046
6280 0.141554
6300 0.246392
6320 0.240564
6340 0.305582
6360 0.248326
6380 0.250599
6400 0.243803
6420 0.28179
6440 0.368219
6460 0.240835
6480 0.207816
6500 0.250919
6520 0.17159
6540 0.185305
6560 0.242316
6580 0.248584
6600 0.23313
6620 0.29313
6640 0.133838
6660 0.23205
6680 0.191619
6700 0.38292
6720 0.165257
6740 0.197008
6760 0.262958
6780 0.158157
6800 0.102212
6820 0.236789
6840 0.262516
6860 0.22263
6880 0.397956
6900 0.15979
6920 0.209044
6940 0.194472
6960 0.345515
6980 0.325913
7000 0.21087
7020 0.115415
7040 0.345883
7060 0.441522
7080 0.293631
7100 0.059334
7120 0.266574
7140 0.0937157
7160 0.224258
7180 0.279677
7200 0.158334
7220 0.191801
7240 0.273519
7260 0.148571
7280 0.234839
7300 0.162992
7320 0.191512
7340 0.150852
7360 0.178972
7380 0.27831
7400 0.210975
7420 0.203846
7440 0.268759
7460 0.202416
7480 0.194922
7500 0.255768
7520 0.252957
7540 0.261979
7560 0.251136
7580 0.328112
7600 0.251567
7620 0.286055
7640 0.223183
7660 0.307532
7680 0.271626
7700 0.237193
7720 0.244194
7740 0.0519802
7760 0.255438
7780 0.235442
7800 0.272444
7820 0.282456
7840 0.242907
7860 0.163846
7880 0.218318
7900 0.224295
7920 0.349023
7940 0.194175
7960 0.310391
7980 0.198126
8000 0.335629
8020 0.217135
8040 0.424064
8060 0.224293
8080 0.14553
8100 0.238234
8120 0.158701
8140 0.208382
8160 0.403658
8180 0.174703
8200 0.299879
8220 0.231216
8240 0.111774
8260 0.294478
8280 0.167324
8300 0.280335
8320 0.247935
8340 0.184726
8360 0.153372
8380 0.223778
8400 0.118656
8420 0.158514
8440 0.258737
8460 0.178829
8480 0.155293
8500 0.337444
8520 0.239103
8540 0.252701
8560 0.338039
8580 0.244203
8600 0.24152
8620 0.212229
8640 0.380134
8660 0.279941
8680 0.466851
8700 0.248186
8720 0.203997
8740 0.17984
8760 0.158297
8780 0.340707
8800 0.211838
8820 0.24692
8840 0.220285
8860 0.429615
8880 0.101639
8900 0.269995
8920 0.286936
8940 0.244979
8960 0.520917
8980 0.274159
9000 0.29216
9020 0.267835
9040 0.26782
9060 0.30031
9080 0.207362
9100 0.184807
9120 0.328841
9140 0.173152
9160 0.319473
9180 0.237541
9200 0.25905
9220 0.169626
9240 0.156237
9260 0.114728
9280 0.268664
9300 0.164143
9320 0.123955
9340 0.218967
9360 0.191319
9380 0.274154
9400 0.363844
9420 0.300238
9440 0.266775
9460 0.274185
9480 0.277273
9500 0.351493
9520 0.208241
9540 0.230369
9560 0.206573
9580 0.195411
9600 0.106717
9620 0.185098
9640 0.243122
9660 0.29978
9680 0.265191
9700 0.104723
9720 0.302914
9740 0.373905
9760 0.173125
9780 0.139476
9800 0.139293
9820 0.287701
9840 0.241398
9860 0.17917
9880 0.187163
9900 0.178407
9920 0.251566
9940 0.280648
9960 0.175849
9980 0.252351
10000 0.243916
10020 0.258829
10040 0.222885
10060 0.283267
10080 0.167408
10100 0.301508
10120 0.195233
10140 0.24656
10160 0.214193
10180 0.38777
10200 0.202781
10220 0.246089
10240 0.300985
10260 0.145638
10280 0.303673
10300 0.283774
10320 0.186333
10340 0.302954
10360 0.226587
10380 0.264363
10400 0.399331
10420 0.261761
10440 0.371264
10460 0.1444
10480 0.354062
10500 0.182946
10520 0.409247
10540 0.281097
10560 0.282944
10580 0.217372
10600 0.228526
10620 0.204135
10640 0.235971
10660 0.218125
10680 0.175074
10700 0.299394
10720 0.33101
10740 0.257935
10760 0.532914
10780 0.141435
10800 0.285594
10820 0.321617
10840 0.281141
10860 0.203361
10880 0.182292
10900 0.153672
10920 0.249199
10940 0.137259
10960 0.171564
10980 0.284587
11000 0.252067
11020 0.413095
11040 0.272484
11060 0.1194
11080 0.140674
11100 0.371638
11120 0.349503
11140 0.241763
11160 0.313406
11180 0.170336
11200 0.294663
11220 0.132576
11240 0.204346
11260 0.509406
11280 0.262381
11300 0.295669
11320 0.226477
11340 0.33464
11360 0.379297
11380 0.19094
11400 0.423222
11420 0.238281
11440 0.142426
11460 0.180643
11480 0.165435
11500 0.195486
11520 0.273854
11540 0.208588
11560 0.245299
11580 0.119512
11600 0.307062
11620 0.247741
11640 0.235127
11660 0.183818
11680 0.194324
11700 0.391335
11720 0.312538
11740 0.209252
11760 0.283969
11780 0.166933
11800 0.369506
11820 0.252095
11840 0.189066
11860 0.387751
11880 0.234011
11900 0.267325
11920 0.261218
11940 0.192776
11960 0.314847
11980 0.192771
12000 0.256386
12020 0.12568
12040 0.299555
12060 0.163593
12080 0.284889
12100 0.290563
12120 0.17238
12140 0.335809
12160 0.292095
12180 0.281282
12200 0.319586
12220 0.262813
12240 0.171414
12260 0.19198
12280 0.38705
12300 0.272572
12320 0.157043
12340 0.272236
12360 0.340876
12380 0.376427
12400 0.243355
12420 0.176318
12440 0.280871
12460 0.445561
12480 0.195688
12500 0.146572
12520 0.202072
12540 0.333544
12560 0.385474
12580 0.224901
12600 0.184225
12620 0.0932392
12640 0.436042
12660 0.236098
12680 0.185982
12700 0.128469
12720 0.222389
12740 0.251283
12760 0.311145
12780 0.296852
12800 0.120143
12820 0.194394
12840 0.217972
12860 0.270919
12880 0.233187
12900 0.122508
12920 0.190297
12940 0.155389
12960 0.234609
12980 0.206656
13000 0.293031
13020 0.29756
13040 0.166059
13060 0.282501
13080 0.1992
13100 0.0526621
13120 0.221041
13140 0.253786
13160 0.0483214
13180 0.22763
13200 0.137217
13220 0.242994
13240 0.298939
13260 0.171868
13280 0.393676
13300 0.140902
13320 0.378373
13340 0.261597
13360 0.208896
13380 0.239697
13400 0.253585
13420 0.289676
13440 0.226806
13460 0.122217
13480 0.286019
13500 0.409013
13520 0.285782
13540 0.363533
13560 0.154798
13580 0.233247
13600 0.29758
13620 0.515201
13640 0.240863
13660 0.153965
13680 0.144897
13700 0.340923
13720 0.364917
13740 0.240814
13760 0.185737
13780 0.191348
13800 0.249554
13820 0.0894765
13840 0.323622
13860 0.22948
13880 0.157848
13900 0.267857
13920 0.247757
13940 0.163678
13960 0.246225
13980 0.214165
14000 0.296054
14020 0.268409
14040 0.223962
14060 0.358904
14080 0.263218
14100 0.263025
14120 0.17074
14140 0.32862
14160 0.265212
14180 0.132514
14200 0.191481
14220 0.14627
14240 0.183411
14260 0.183488
14280 0.18674
14300 0.193985
14320 0.25575
14340 0.287461
14360 0.278781
14380 0.256583
14400 0.216431
14420 0.174206
14440 0.330882
14460 0.258813
14480 0.272986
14500 0.37385
14520 0.166355
14540 0.151215
14560 0.255944
14580 0.206433
14600 0.226034
14620 0.298896
14640 0.238402
14660 0.211422
14680 0.111854
14700 0.322061
14720 0.198247
14740 0.157394
14760 0.30265
14780 0.242913
14800 0.181266
14820 0.248657
14840 0.222271
14860 0.242682
14880 0.298105
14900 0.30096
14920 0.185144
14940 0.44255
14960 0.288063
14980 0.322592
15000 0.177573
15020 0.270865
15040 0.0888225
15060 0.228441
15080 0.259061
15100 0.214425
15120 0.318955
15140 0.160803
15160 0.249614
15180 0.203605
15200 0.215369
15220 0.31331
15240 0.345221
15260 0.162879
15280 0.216071
15300 0.150999
15320 0.257247
15340 0.249746
15360 0.271295
15380 0.208503
15400 0.14358
15420 0.204161
15440 0.194456
15460 0.127316
15480 0.260922
15500 0.304577
15520 0.401981
15540 0.322427
15560 0.122162
15580 0.281274
15600 0.123497
15620 0.237885
15640 0.328685
15660 0.253628
15680 0.215344
15700 0.32969
15720 0.206399
15740 0.501234
15760 0.304906
15780 0.166916
15800 0.265988
15820 0.209007
15840 0.306748
15860 0.211639
15880 0.326566
15900 0.269753
15920 0.322206
15940 0.335236
15960 0.303786
15980 0.169427
16000 0.228473
16020 0.250716
16040 0.22659
16060 0.178995
16080 0.237419
16100 0.203292
16120 0.28636
16140 0.337852
16160 0.254891
16180 0.108111
16200 0.175215
16220 0.3084
16240 0.229879
16260 0.259356
16280 0.307628
16300 0.374487
16320 0.224183
16340 0.304699
16360 0.125673
16380 0.240424
16400 0.174781
16420 0.273161
16440 0.237018
16460 0.333401
16480 0.194628
16500 0.191965
16520 0.178041
16540 0.300164
16560 0.215916
16580 0.244598
16600 0.121176
16620 0.244777
16640 0.181939
16660 0.0843531
16680 0.255739
16700 0.22417
16720 0.292751
16740 0.133275
16760 0.202722
16780 0.161883
16800 0.131656
16820 0.277853
16840 0.254132
16860 0.344204
16880 0.204821
16900 0.277553
16920 0.31588
16940 0.257576
16960 0.32247
16980 0.261495
17000 0.295333
17020 0.355884
17040 0.305422
17060 0.331167
17080 0.175334
17100 0.199423
17120 0.290502
17140 0.246755
17160 0.247328
17180 0.28684
17200 0.143943
17220 0.208961
17240 0.284531
17260 0.284931
17280 0.343452
17300 0.190589
17320 0.164646
17340 0.2508
17360 0.211596
17380 0.189539
17400 0.28171
17420 0.270796
17440 0.169983
17460 0.237327
17480 0.296887
17500 0.194448
17520 0.283358
17540 0.236277
17560 0.245097
17580 0.372048
17600 0.285918
17620 0.288195
17640 0.249416
17660 0.321866
17680 0.302706
17700 0.26971
17720 0.183923
17740 0.355417
17760 0.121184
17780 0.269735
17800 0.485643
17820 0.120318
17840 0.218955
17860 0.176968
17880 0.117218
17900 0.165337
17920 0.287598
17940 0.205794
17960 0.26266
17980 0.135061
18000 0.191334
18020 0.304433
18040 0.210906
18060 0.330217
18080 0.255387
18100 0.305519
18120 0.205958
18140 0.203126
18160 0.270188
18180 0.232829
18200 0.173269
18220 0.136182
18240 0.327394
18260 0.163006
18280 0.100872
18300 0.0847298
18320 0.183178
18340 0.255226
18360 0.224697
18380 0.14529
18400 0.312165
18420 0.136681
18440 0.0657479
18460 0.23141
18480 0.249777
18500 0.257231
18520 0.143358
18540 0.240933
18560 0.221072
18580 0.342058
18600 0.244769
18620 0.204887
18640 0.256671
18660 0.280792
18680 0.184725
18700 0.334176
18720 0.298487
18740 0.254672
18760 0.182842
18780 0.157363
18800 0.105862
18820 0.156691
18840 0.308114
18860 0.400828
18880 0.16333
18900 0.198296
18920 0.256467
18940 0.39735
18960 0.218938
18980 0.191445
19000 0.205435
19020 0.270628
19040 0.307002
19060 0.172395
19080 0.23593
19100 0.10463
19120 0.367929
19140 0.109165
19160 0.215432
19180 0.227547
19200 0.182545
19220 0.134871
19240 0.325127
19260 0.342491
19280 0.157277
19300 0.184329
19320 0.160542
19340 0.183399
19360 0.3197
19380 0.328632
19400 0.221632
19420 0.406685
19440 0.275087
19460 0.147349
19480 0.256314
19500 0.181468
19520 0.24866
19540 0.265955
19560 0.233907
19580 0.35895
19600 0.229855
19620 0.203502
19640 0.320456
19660 0.193154
19680 0.24842
19700 0.191313
19720 0.163567
19740 0.284785
19760 0.30225
19780 0.179856
19800 0.466658
19820 0.253503
19840 0.262672
19860 0.261308
19880 0.216525
19900 0.185765
19920 0.164251
19940 0.424368
19960 0.24494
19980 0.220063
20000 0.193791
20020 0.237904
20040 0.223445
20060 0.16357
20080 0.215412
20100 0.213486
20120 0.308898
20140 0.325375
20160 0.265372
20180 0.0817153
20200 0.302399
20220 0.23857
20240 0.232245
20260 0.190405
20280 0.267134
20300 0.187254
20320 0.199625
20340 0.208214
20360 0.324871
20380 0.279408
20400 0.148432
20420 0.328438
20440 0.374892
20460 0.171187
20480 0.303452
20500 0.21434
20520 0.264271
20540 0.209879
20560 0.377422
20580 0.427604
20600 0.169652
20620 0.1106
20640 0.147766
20660 0.231798
20680 0.269167
20700 0.295596
20720 0.358357
20740 0.1468
20760 0.318672
20780 0.305805
20800 0.362405
20820 0.20835
20840 0.299667
20860 0.332456
20880 0.240532
20900 0.26938
20920 0.152058
20940 0.21319
20960 0.200501
20980 0.195722
21000 0.141696
21020 0.117772
21040 0.306786
21060 0.0998612
21080 0.120953
21100 0.237966
21120 0.202856
21140 0.198413
21160 0.165328
21180 0.0933593
21200 0.0700409
21220 0.246828
21240 0.284633
21260 0.245643
21280 0.335313
21300 0.193719
21320 0.356557
21340 0.261483
21360 0.264916
21380 0.119506
21400 0.191619
21420 0.236622
21440 0.267724
21460 0.160682
21480 0.196775
21500 0.307457
21520 0.230233
21540 0.248822
21560 0.176653
21580 0.19903
21600 0.17779
21620 0.29994
21640 0.218868
21660 0.265408
21680 0.340133
21700 0.246623
21720 0.206309
21740 0.339835
21760 0.197996
21780 0.26875
21800 0.157348
21820 0.20054
21840 0.266444
21860 0.243636
21880 0.321521
21900 0.27276
21920 0.175497
21940 0.145591
21960 0.28505
21980 0.431215
22000 0.215607
22020 0.204465
22040 0.49004
22060 0.321832
22080 0.287358
22100 0.181181
22120 0.212079
22140 0.244115
22160 0.266857
22180 0.108416
22200 0.236219
22220 0.121453
22240 0.277855
22260 0.130157
22280 0.300363
22300 0.201587
22320 0.151716
22340 0.179592
22360 0.336725
22380 0.268411
22400 0.0626022
22420 0.0966737
22440 0.165459
22460 0.245904
22480 0.379711
22500 0.170477
22520 0.324311
22540 0.38723
22560 0.237851
22580 0.236117
22600 0.14187
22620 0.283385
22640 0.231862
22660 0.198971
22680 0.2992
22700 0.243389
22720 0.227635
22740 0.232151
22760 0.0598846
22780 0.286728
22800 0.14905
22820 0.270584
22840 0.261077
22860 0.200415
22880 0.301785
22900 0.196724
22920 0.292426
22940 0.138094
22960 0.277084
22980 0.0929505
23000 0.178305
23020 0.173329
23040 0.330877
23060 0.226742
23080 0.306855
23100 0.224753
23120 0.128541
23140 0.169631
23160 0.233156
23180 0.219401
23200 0.170793
23220 0.299235
23240 0.269269
23260 0.379123
23280 0.416605
23300 0.15159
23320 0.130561
23340 0.231982
23360 0.175514
23380 0.233332
23400 0.110242
23420 0.200411
23440 0.0824503
23460 0.270528
23480 0.310959
23500 0.323497
23520 0.23568
23540 0.124741
23560 0.182224
23580 0.215857
23600 0.151775
23620 0.0990832
23640 0.14516
23660 0.144417
23680 0.409643
23700 0.31149
23720 0.3205
23740 0.177795
23760 0.170572
23780 0.311249
23800 0.227222
23820 0.22328
23840 0.305825
23860 0.223154
23880 0.307503
23900 0.160003
23920 0.518501
23940 0.214525
23960 0.43205
23980 0.357434
24000 0.145545
24020 0.323891
24040 0.407051
24060 0.246224
24080 0.244904
24100 0.23389
24120 0.177453
24140 0.222818
24160 0.232688
24180 0.263171
24200 0.3033
24220 0.223351
24240 0.265838
24260 0.270713
24280 0.263081
24300 0.32789
24320 0.246205
24340 0.259868
24360 0.269456
24380 0.262411
24400 0.239341
24420 0.309997
24440 0.161893
24460 0.301935
24480 0.279326
24500 0.361878
24520 0.124725
24540 0.191122
24560 0.238378
24580 0.227362
24600 0.233798
24620 0.274968
24640 0.292433
24660 0.195554
24680 0.258113
24700 0.169637
24720 0.307383
24740 0.249098
24760 0.235055
24780 0.11915
24800 0.458422
24820 0.228422
24840 0.204658
24860 0.21688
24880 0.206865
24900 0.308138
24920 0.183093
24940 0.324133
24960 0.0958439
24980 0.264593
25000 0.255379
25020 0.254359
25040 0.1571
25060 0.315727
25080 0.122078
25100 0.124851
25120 0.202499
25140 0.331384
25160 0.198407
25180 0.305897
25200 0.192617
25220 0.238879
25240 0.41724
25260 0.270689
25280 0.171363
25300 0.214119
25320 0.243098
25340 0.132454
25360 0.374021
25380 0.295695
25400 0.218604
25420 0.243067
25440 0.189467
25460 0.196026
25480 0.38803
25500 0.212426
25520 0.195861
25540 0.406431
25560 0.247966
25580 0.227057
25600 0.217145
25620 0.3784
25640 0.367537
25660 0.219965
25680 0.422764
25700 0.18076
25720 0.214264
25740 0.185534
25760 0.316814
25780 0.307605
25800 0.319408
25820 0.188037
25840 0.1848
25860 0.306539
25880 0.262295
25900 0.250271
25920 0.159446
25940 0.271153
25960 0.155015
25980 0.174646
26000 0.271347
26020 0.296513
26040 0.23993
26060 0.108317
26080 0.192363
26100 0.263116
26120 0.254062
26140 0.179643
26160 0.122371
26180 0.292321
26200 0.318321
26220 0.370296
26240 0.151365
26260 0.253514
26280 0.217115
26300 0.223546
26320 0.424155
26340 0.403086
26360 0.200001
26380 0.160824
26400 0.142642
26420 0.26994
26440 0.147998
26460 0.257845
26480 0.258688
26500 0.177819
26520 0.216106
26540 0.364014
26560 0.110347
26580 0.160019
26600 0.282599
26620 0.277267
26640 0.294652
26660 0.207036
26680 0.198707
26700 0.27596
26720 0.255684
26740 0.143855
26760 0.228718
26780 0.345384
26800 0.26651
26820 0.354392
26840 0.179145
26860 0.165986
26880 0.166701
26900 0.165512
26920 0.314794
26940 0.282917
26960 0.233405
26980 0.268255
27000 0.300176
27020 0.261613
27040 0.100788
27060 0.201186
27080 0.293376
27100 0.167011
27120 0.180516
27140 0.304946
27160 0.290421
27180 0.155089
27200 0.299978
27220 0.29404
27240 0.219472
27260 0.13233
27280 0.186914
27300 0.204504
27320 0.225958
27340 0.14734
27360 0.231119
27380 0.450211
27400 0.191406
27420 0.201584
27440 0.178935
27460 0.111158
27480 0.140419
27500 0.228241
27520 0.31075
27540 0.300895
27560 0.352196
27580 0.115716
27600 0.318837
27620 0.244112
27640 0.410824
27660 0.203996
27680 0.287754
27700 0.249862
27720 0.288176
27740 0.234718
27760 0.19392
27780 0.198208
27800 0.2491
27820 0.124718
27840 0.250241
27860 0.214328
27880 0.352439
27900 0.148318
27920 0.219284
27940 0.158983
27960 0.270266
27980 0.260328
28000 0.292452
28020 0.411963
28040 0.23331
28060 0.187661
28080 0.220688
28100 0.30767
28120 0.218364
28140 0.281976
28160 0.232132
28180 0.208089
28200 0.172851
28220 0.13766
28240 0.343066
28260 0.164306
28280 0.26328
28300 0.127291
28320 0.205608
28340 0.233413
28360 0.279782
28380 0.177115
28400 0.217253
28420 0.274526
28440 0.270333
28460 0.281693
28480 0.37288
28500 0.310746
28520 0.247524
28540 0.354943
28560 0.303415
28580 0.131454
28600 0.200821
28620 0.184644
28640 0.112978
28660 0.173696
28680 0.23237
28700 0.235383
28720 0.326901
28740 0.216248
28760 0.220324
28780 0.302918
28800 0.132239
28820 0.278917
28840 0.3673
28860 0.269055
28880 0.151587
28900 0.248786
28920 0.149667
28940 0.237141
28960 0.0956881
28980 0.200817
29000 0.117194
29020 0.298239
29040 0.107636
29060 0.259015
29080 0.132631
29100 0.27194
29120 0.311653
29140 0.251772
29160 0.249582
29180 0.23311
29200 0.123206
29220 0.119882
29240 0.121142
29260 0.337574
29280 0.356501
29300 0.239287
29320 0.254827
29340 0.24241
29360 0.341549
29380 0.384326
29400 0.137243
29420 0.187747
29440 0.142338
29460 0.167969
29480 0.449014
29500 0.372991
29520 0.290723
29540 0.278082
29560 0.169184
29580 0.252135
29600 0.353603
29620 0.175499
29640 0.196072
29660 0.224733
29680 0.17073
29700 0.241397
29720 0.206988
29740 0.354881
29760 0.163316
29780 0.127244
29800 0.277958
29820 0.253652
29840 0.374412
29860 0.266945
29880 0.256053
29900 0.163996
29920 0.305411
29940 0.126552
29960 0.16887
29980 0.260272
30000 0.259273
30020 0.17642
30040 0.236307
30060 0.225455
30080 0.227547
30100 0.323464
30120 0.214523
30140 0.356348
30160 0.197912
30180 0.259084
30200 0.203482
30220 0.27307
30240 0.21982
30260 0.148934
30280 0.140785
30300 0.285806
30320 0.196255
30340 0.295272
30360 0.393371
30380 0.24746
30400 0.357087
30420 0.17487
30440 0.236738
30460 0.269207
30480 0.222206
30500 0.272936
30520 0.297448
30540 0.308491
30560 0.280401
30580 0.13074
30600 0.355903
30620 0.228996
30640 0.36217
30660 0.240342
30680 0.201253
30700 0.164026
30720 0.212039
30740 0.170458
30760 0.247774
30780 0.0964369
30800 0.34041
30820 0.22259
30840 0.267476
30860 0.404033
30880 0.206089
30900 0.221413
30920 0.392881
30940 0.146905
30960 0.064128
30980 0.269751
31000 0.152772
31020 0.116614
31040 0.151032
31060 0.23197
31080 0.247598
31100 0.113447
31120 0.159558
31140 0.138502
31160 0.199607
31180 0.380713
31200 0.246486
31220 0.231963
31240 0.220653
31260 0.253924
31280 0.251713
31300 0.26619
31320 0.187044
31340 0.282212
31360 0.220133
31380 0.297879
31400 0.256051
31420 0.200642
31440 0.224319
31460 0.282097
31480 0.180794
31500 0.256375
31520 0.175302
31540 0.260665
31560 0.252626
31580 0.223334
31600 0.146776
31620 0.149736
31640 0.134825
31660 0.179095
31680 0.26
31700 0.0621089
31720 0.305925
31740 0.131095
31760 0.171715
31780 0.24634
31800 0.273962
31820 0.211429
31840 0.230358
31860 0.233974
31880 0.0784513
31900 0.220363
31920 0.145216
31940 0.246626
31960 0.253396
31980 0.393186
32000 0.0981225
32020 0.414474
32040 0.154954
32060 0.229719
32080 0.224091
32100 0.102752
32120 0.189933
32140 0.277233
32160 0.26519
32180 0.1602
32200 0.243884
32220 0.385017
32240 0.197114
32260 0.257292
32280 0.195063
32300 0.228986
32320 0.183869
32340 0.2142
32360 0.328164
32380 0.134036
32400 0.325698
32420 0.121777
32440 0.182127
32460 0.336927
32480 0.326313
32500 0.239875
32520 0.328073
32540 0.170078
32560 0.222799
32580 0.152894
32600 0.192373
32620 0.169645
32640 0.30813
32660 0.195983
32680 0.258949
32700 0.237587
32720 0.289465
32740 0.240064
32760 0.237745
32780 0.322557
32800 0.157194
32820 0.193805
32840 0.169141
32860 0.156578
32880 0.163392
32900 0.234643
32920 0.272591
32940 0.130765
32960 0.253668
32980 0.155337
33000 0.344643
33020 0.244116
33040 0.165505
33060 0.184962
33080 0.151253
33100 0.204779
33120 0.169795
33140 0.170163
33160 0.213366
33180 0.20509
33200 0.107046
33220 0.162812
33240 0.203192
33260 0.348084
33280 0.294545
33300 0.238981
33320 0.32398
33340 0.235933
33360 0.440819
33380 0.314662
33400 0.159468
33420 0.251821
33440 0.201429
33460 0.32598
33480 0.0944085
33500 0.283673
33520 0.220524
33540 0.20765
33560 0.160209
33580 0.181979
33600 0.154021
33620 0.247061
33640 0.219323
33660 0.121159
33680 0.234913
33700 0.24461
33720 0.249158
33740 0.190974
33760 0.0975171
33780 0.233153
33800 0.294681
33820 0.235654
33840 0.423486
33860 0.120045
33880 0.266713
33900 0.141722
33920 0.217514
33940 0.321494
33960 0.28166
33980 0.33262
34000 0.22612
34020 0.215905
34040 0.199906
34060 0.300505
34080 0.277156
34100 0.385546
34120 0.208129
34140 0.112504
34160 0.330617
34180 0.0920531
34200 0.442735
34220 0.20369
34240 0.169243
34260 0.065732
34280 0.270696
34300 0.253334
34320 0.295377
34340 0.372941
34360 0.184022
34380 0.251452
34400 0.196022
34420 0.221418
34440 0.122662
34460 0.256711
34480 0.149808
34500 0.191114
34520 0.0951514
34540 0.061361
34560 0.463099
34580 0.247771
34600 0.119462
34620 0.146458
34640 0.262974
34660 0.191218
34680 0.191751
34700 0.282798
34720 0.282507
34740 0.40385
34760 0.325472
34780 0.344144
34800 0.318922
34820 0.25584
34840 0.161584
34860 0.340383
34880 0.35913
34900 0.12355
34920 0.15091
34940 0.318652
34960 0.168641
34980 0.214108
35000 0.333893
35020 0.198203
35040 0.237208
35060 0.0792333
35080 0.286747
35100 0.264773
35120 0.236434
35140 0.313235
35160 0.271329
35180 0.349067
35200 0.190958
35220 0.188908
35240 0.209335
35260 0.21557
35280 0.0593307
35300 0.306507
35320 0.15788
35340 0.146525
35360 0.12548
35380 0.264699
35400 0.324578
35420 0.290061
35440 0.12538
35460 0.184892
35480 0.43364
35500 0.271523
35520 0.208436
35540 0.175602
35560 0.144398
35580 0.265458
35600 0.28741
35620 0.173084
35640 0.184658
35660 0.338823
35680 0.169474
35700 0.187419
35720 0.181509
35740 0.25254
35760 0.225387
35780 0.202135
35800 0.192168
35820 0.177017
35840 0.267535
35860 0.389613
35880 0.240476
35900 0.317565
35920 0.284012
35940 0.21918
35960 0.287151
35980 0.328095
36000 0.219867
36020 0.135134
36040 0.264845
36060 0.0691047
36080 0.207254
36100 0.147495
36120 0.150303
36140 0.134276
36160 0.188367
36180 0.125692
36200 0.292028
36220 0.170105
36240 0.284297
36260 0.21456
36280 0.253511
36300 0.314383
36320 0.230268
36340 0.127341
36360 0.262979
36380 0.218757
36400 0.164348
36420 0.326187
36440 0.134851
36460 0.170561
36480 0.135825
36500 0.25086
36520 0.22899
36540 0.208545
36560 0.162897
36580 0.143594
36600 0.201295
36620 0.124369
36640 0.232276
36660 0.302478
36680 0.332851
36700 0.164059
36720 0.230336
36740 0.222059
36760 0.221906
36780 0.187573
36800 0.268685
36820 0.225009
36840 0.351965
36860 0.185314
36880 0.125414
36900 0.455232
36920 0.200993
36940 0.194226
36960 0.312459
36980 0.428028
37000 0.3254
37020 0.215744
37040 0.230314
37060 0.40869
37080 0.350302
37100 0.279832
37120 0.327227
37140 0.158624
37160 0.205443
37180 0.290466
37200 0.178496
37220 0.357415
37240 0.267341
37260 0.242168
37280 0.229246
37300 0.211533
37320 0.0574485
37340 0.162828
37360 0.249399
37380 0.192066
37400 0.129563
37420 0.3394
37440 0.274611
37460 0.103118
37480 0.264474
37500 0.32019
37520 0.277266
37540 0.303772
37560 0.200422
37580 0.263162
37600 0.153793
37620 0.289002
37640 0.272387
37660 0.217025
37680 0.123867
37700 0.215474
37720 0.189822
37740 0.35564
37760 0.271102
37780 0.243507
37800 0.104856
37820 0.151128
37840 0.131911
37860 0.185782
37880 0.148397
37900 0.340519
37920 0.261737
37940 0.243709
37960 0.203695
37980 0.36533
38000 0.308466
38020 0.234757
38040 0.243679
38060 0.167977
38080 0.242099
38100 0.261948
38120 0.146438
38140 0.267201
38160 0.394888
38180 0.208612
38200 0.411994
38220 0.221065
38240 0.252612
38260 0.15898
38280 0.157639
38300 0.206193
38320 0.220276
38340 0.311626
38360 0.284865
38380 0.175734
38400 0.266126
38420 0.169431
38440 0.393959
38460 0.259718
38480 0.172828
38500 0.299544
38520 0.332994
38540 0.243806
38560 0.254168
38580 0.201723
38600 0.18935
38620 0.338519
38640 0.322277
38660 0.311958
38680 0.440954
38700 0.10182
38720 0.255332
38740 0.345624
38760 0.223438
38780 0.219268
38800 0.20937
38820 0.213363
38840 0.191134
38860 0.225406
38880 0.288534
38900 0.347166
38920 0.308012
38940 0.240483
38960 0.176141
38980 0.23426
39000 0.297216
39020 0.296535
39040 0.252934
39060 0.282726
39080 0.24399
39100 0.220736
39120 0.273519
39140 0.222361
39160 0.202203
39180 0.278812
39200 0.306855
39220 0.120301
39240 0.0752611
39260 0.268044
39280 0.248439
39300 0.151311
39320 0.199211
39340 0.230971
39360 0.285023
39380 0.318918
39400 0.099739
39420 0.181739
39440 0.187323
39460 0.237112
39480 0.233559
39500 0.158837
39520 0.233487
39540 0.273099
39560 0.183962
39580 0.116682
39600 0.340851
39620 0.242007
39640 0.267886
39660 0.212847
39680 0.148399
39700 0.230055
39720 0.187363
39740 0.234913
39760 0.346858
39780 0.237539
39800 0.198565
39820 0.231509
39840 0.275287
39860 0.177465
39880 0.305945
39900 0.183748
39920 0.311221
39940 0.377216
39960 0.1604
39980 0.258399
