0.234669
0.12409
0.102564
0.13
0.0683882
0.231089
0.0304915
0.176161
0.0957251
0.133708
0.0859377
0.0435095
0.0687876
0.0573133
0.139513
0.0495542
0.103981
0.0368173
0.0549091
0.161158
0.0500463
0.0572958
0.0713633
0.0640829
0.0710177
0.0843393
0.0360055
0.113939
0.0666241
0.0677812
0.0354422
0.0488936
0.0263597
0.054771
0.0594978
0.0641328
0.0303715
0.0763312
0.0225257
0.0407196
0.0722476
0.0495864
0.0487988
0.0429558
0.0564915
0.0350089
0.0567024
0.0875494
0.0701335
0.0187845
0.131417
0.121727
0.0940968
0.0582664
0.0354464
0.0333191
0.0876195
0.0133584
0.0571364
0.15148
0.0451681
0.06504
0.0178482
0.0672833
0.047117
0.144691
0.0196827
0.108055
0.095282
0.138921
0.0668935
0.112998
0.106025
0.0796998
0.0496509
0.0374573
0.0702006
0.0780151
0.200546
0.047185
0.161597
0.0549714
0.0603341
0.0466054
0.0250149
0.0834336
0.0689082
0.0804812
0.0286403
0.0461229
0.0775366
0.0765757
0.0622833
0.131494
0.0649074
0.172458
0.119002
0.0691743
0.0216628
0.101485
0.0829732
0.0779009
0.0589083
0.0435368
0.126823
0.0702212
0.175742
0.0906773
0.166267
0.143536
0.117356
0.0522369
0.0549087
0.0776462
0.0314349
0.0847204
0.0509629
0.0636583
0.07728
0.188667
0.0308517
0.0893512
0.101769
0.153927
0.111497
0.0739053
0.048863
0.171426
0.0881061
0.0733751
0.107346
0.104198
0.0248438
0.0791334
0.0823439
0.153372
0.0717207
0.0820408
0.0760234
0.10791
0.0920264
0.0601008
0.0497353
0.109992
0.135222
0.139699
0.10384
0.0358502
0.0576568
0.0723441
0.049142
0.0915766
0.0412424
0.0563711
0.0807163
0.0488649
0.099622
0.062848
0.0593448
0.121474
0.0204258
0.0634974
0.0684769
0.0684176
0.0414239
0.0421217
0.0925581
0.0614987
0.156579
0.0938262
0.134045
0.0793659
0.107913
0.0901584
0.0751166
0.0688099
0.0950831
0.0992895
0.0556849
0.072667
0.0668026
0.121436
0.12086
0.111696
0.0626103
0.090203
0.109179
0.0417112
0.0562392
0.0917425
0.0443177
0.122153
0.0570917
0.0966579
0.0799703
0.0440744
0.129357
0.029142
0.121851
0.0263551
0.0769199
0.0608327
0.0853179
0.108339
0.122833
0.033629
0.0433534
0.00925537
0.0294943
0.0835589
0.132863
0.163229
0.0948173
0.0577531
0.0596029
0.0437118
0.0409614
0.0676948
0.0995855
0.07827
0.101259
0.0832016
0.0855886
0.0728611
0.0567714
0.0678945
0.0221874
0.121337
0.0740954
0.0399699
0.0582034
0.0858082
0.154362
0.171285
0.064587
0.0810632
0.0601073
0.0660031
0.131995
0.069405
0.072152
0.0320613
0.0733033
0.0432313
0.0849183
0.0502476
0.0312585
0.0784355
0.0249792
0.0801631
0.0799278
0.0395733
0.0216138
0.0531413
0.0843297
0.0909443
0.0533871
0.0429375
0.0923597
0.071499
0.0918436
0.0482348
0.0622027
0.0447
0.0889184
0.122445
0.0295154
0.0964178
0.0496413
0.0698994
0.0637458
0.0376661
0.143516
0.113896
0.033179
0.0463809
0.0766464
0.0256819
0.064365
0.0524313
0.0511728
0.0952076
0.0696796
0.0275079
0.0747682
0.0697712
0.0746927
0.0198242
0.113026
0.028332
0.10457
0.0567672
0.0625844
0.0602896
0.0736205
0.086116
0.156816
0.0451925
0.207928
0.0965538
0.0954502
0.107202
0.0897861
0.135408
0.09023
0.150912
0.0672365
0.0554675
0.108617
0.134202
0.0445149
0.0643387
0.132477
0.146054
0.0719678
0.0609723
0.103172
0.134011
0.0511906
0.0898207
0.0971348
0.0864962
0.0830197
0.085853
0.0796328
0.0677435
0.0555041
0.0753909
0.078468
0.0738852
0.0453318
0.0786301
0.0586579
0.0485195
0.0864449
0.104114
0.0320772
0.0238242
0.0419041
0.0763573
0.0201555
0.0730911
0.0755815
0.103635
0.160649
0.0638358
0.0757319
0.0526224
0.128122
0.101475
0.0979447
0.0464342
0.0966463
0.0944336
0.0731243
0.0193808
0.0721846
0.0186604
0.0281754
0.0974397
0.0724295
0.0736013
0.104714
0.0414897
0.0875039
0.0553094
0.102846
0.0713934
0.0763109
0.0662109
0.0708827
0.0401172
0.0596146
0.0558421
0.100218
0.105214
0.10463
0.105354
0.0677512
0.0471511
0.121178
0.086604
0.0248975
0.0688862
0.0744554
0.0521194
0.0637042
0.0287116
0.0660379
0.0834263
0.0881257
0.0754109
0.0400913
0.0603728
0.0569226
0.0441755
0.104158
0.0397573
0.0747178
0.0134401
0.0928477
0.044326
0.134304
0.0877217
0.0463944
0.0567118
0.0181134
0.054466
0.166728
0.0588923
0.0765967
0.0866816
0.0435726
0.0827692
0.0483234
0.110125
0.0643554
0.0390095
0.0684831
0.0495168
0.0631751
0.0997168
0.0961106
0.0153704
0.0725103
0.0952183
0.0825687
0.0842095
0.140735
0.0598396
0.0576196
0.0680865
0.0910128
0.0775021
0.192152
0.121877
0.0943007
0.0718384
0.066071
0.150677
0.0887056
0.0516681
0.0992097
0.146663
0.0427578
0.0678928
0.0386579
0.0813909
0.324121
0.0764375
0.0997371
0.0675551
0.0471844
0.123769
0.0728364
0.0714724
0.150235
0.0382734
0.10088
0.0709148
0.0686562
0.0055117
0.0293276
0.0306067
0.147292
0.0276595
0.0307918
0.0460443
0.0611901
0.144465
0.120692
0.102601
0.0558406
0.108037
0.0736496
0.0908056
0.0795141
0.045698
0.0616742
0.0689572
0.0224194
0.0467187
0.0598939
0.143973
0.0704725
0.0162454
0.0753285
0.0876428
0.0425472
0.0524128
0.0522751
0.143608
0.0197562
0.0512725
0.0570389
0.028683
0.0868249
0.0976045
0.0508038
0.0691609
0.0260952
0.0274414
0.0560608
0.132449
0.0386246
0.148003
0.0496107
0.103044
0.100582
0.0927611
0.0603085
0.0453688
0.122063
0.0565314
0.0934388
0.0676466
0.0430223
0.0939224
0.078552
0.123572
0.130649
0.0263331
0.192726
0.076651
0.0826414
0.0597944
0.085414
0.0526349
0.0874057
0.0604058
0.106728
0.104055
0.0602812
0.0667091
0.0413946
0.0785107
0.0644569
0.0304479
0.112114
0.0429561
0.104337
0.140158
0.103182
0.0595434
0.0339655
0.0286501
0.0220506
0.0380863
0.0957473
0.0569117
0.0705526
0.112862
0.0856724
0.015712
0.0827184
0.173653
0.128449
0.0555612
0.0685366
0.0506094
0.0869952
0.0305196
0.0893296
0.224581
0.127537
0.0937202
0.0564246
0.126332
0.0568938
0.0708345
0.0445349
0.0313338
0.0413644
0.0439174
0.0405321
0.0389314
0.0629561
0.0505762
0.0684575
0.0434605
0.120861
0.0509281
0.0621224
0.0549456
0.0656723
0.163761
0.11209
0.0307425
0.10853
0.0633685
0.119282
0.0721794
0.0243137
0.156716
0.108251
0.112385
0.0835404
0.0134028
0.100012
0.0669763
0.183654
0.0368605
0.150902
0.0535159
0.0850386
0.0624461
0.0357487
0.126834
0.0891919
0.135291
0.0767785
0.0788081
0.00834322
0.0700957
0.142864
0.126647
0.061227
0.0732707
0.0944369
0.130549
0.0911949
0.0233574
0.131157
0.170757
0.0521708
0.0387607
0.0933414
0.189863
0.141615
0.0410485
0.0838122
0.0278378
0.122648
0.0451132
0.0230197
0.0505344
0.0637946
0.0969474
0.154564
0.053763
0.0389945
0.0840913
0.0388881
0.140393
0.0423263
0.0354233
0.062272
0.0485233
0.0330405
0.136557
0.0906231
0.0668299
0.0497772
0.0532491
0.0761829
0.0242391
0.0630035
0.0753587
0.00775859
0.0921246
0.0832439
0.107262
0.106722
0.052268
0.0979736
0.0330022
0.0659253
0.105262
0.0585806
0.050982
0.133213
0.0569751
0.019857
0.0410168
0.0835762
0.141686
0.0929599
0.112135
0.106196
0.0917636
0.121899
0.155789
0.147649
0.0510072
0.0399988
0.139323
0.0783777
0.056536
0.0367082
0.0595503
0.0417612
0.0272044
0.0711387
0.0677581
0.0664616
0.114331
0.114856
0.0363129
0.0504783
0.0556508
0.0508271
0.136847
0.073129
0.11236
0.106824
0.0478227
0.0502078
0.181242
0.0452503
0.0306656
0.0412462
0.0588832
0.0404822
0.0734612
0.0438634
0.101141
0.0606875
0.105564
0.0642598
0.103645
0.130129
0.0503947
0.119126
0.0969464
0.164749
0.0991638
0.0648896
0.0709371
0.0326016
0.108382
0.0936791
0.116114
0.0776646
0.07781
0.0231433
0.154114
0.0561457
0.0706557
0.137111
0.089634
0.0558534
0.0687053
0.066371
0.0376831
0.0834668
0.0876103
0.0642859
0.134186
0.0702176
0.0901038
0.0683542
0.033818
0.0249977
0.0207432
0.136265
0.0663125
0.117049
0.0286231
0.0617195
0.0589859
0.0311406
0.0648561
0.149014
0.0327299
0.0424982
0.0358831
0.068741
0.0200388
0.0491778
0.0879841
0.0254109
0.0356077
0.0456536
0.0371197
0.0756709
0.0585684
0.0325556
0.085053
0.0629495
0.10916
0.0303556
0.0683125
0.0822733
0.0760312
0.0434732
0.103338
0.0344501
0.206392
0.10197
0.0641816
0.0610491
0.0977533
0.0975005
0.0613444
0.168245
0.0708598
0.146717
0.124953
0.0995542
0.0268651
0.0775578
0.113472
0.101335
0.0722286
0.0617431
0.056042
0.060015
0.0651854
0.0293576
0.0377946
0.0855058
0.0674703
0.101768
0.0713817
0.147356
0.0993692
0.0674103
0.128915
0.0229341
0.102985
0.0551421
0.0703558
0.0961698
0.0553102
0.0466228
0.0557173
0.0507568
0.0986754
0.0668121
0.0337293
0.0146499
0.0232296
0.0383591
0.0360843
0.0344768
0.0343191
0.0950278
0.044395
0.0411474
0.0714671
0.047186
0.0786805
0.0655009
0.102164
0.0316899
0.084546
0.166877
0.0607454
0.133525
0.069412
0.106739
0.0655336
0.153708
0.0653787
0.0522521
0.0879067
0.0660773
0.12432
0.0442875
0.0973068
0.0685458
0.0409028
0.0662111
0.0618713
0.0712949
0.0413591
0.0627245
0.0436736
0.0994655
0.0392014
0.0967245
0.119751
0.0624171
0.0877922
0.0833171
0.0957292
0.078168
0.0660325
0.0913234
0.105012
0.0531702
0.101173
0.134807
0.0950298
0.0719159
0.0949115
0.0544257
0.0817283
0.0438125
0.091632
0.184352
0.0599891
0.0696813
0.0254852
0.0757685
0.0554968
0.0587186
0.056683
0.0574359
0.0502957
0.0197068
0.0960548
0.0867911
0.0978837
0.0761661
0.0953729
0.0675634
0.0621927
0.0709497
0.0663931
0.0181977
0.0526571
0.0802131
0.0757042
0.0639093
0.0295838
0.0546052
0.0674413
0.100377
0.031677
0.0771802
0.071081
0.0115293
0.110734
0.0690448
0.08858
0.0443883
0.0660044
0.027186
0.106167
0.0989075
0.0626091
0.0940495
0.118246
0.0477062
0.121682
0.110862
0.0566627
0.0452553
0.0235777
0.0219297
0.0393762
0.140931
0.0994682
0.0450608
0.104909
0.100217
0.100209
0.0373586
0.0539976
0.0830899
0.168263
0.0583963
0.0377212
0.0427135
0.0431999
0.0444251
0.0301692
0.0243464
0.0325934
0.0356695
0.0182851
0.0871777
0.101676
0.0553332
0.0745015
0.0672496
0.0721242
0.123092
0.146884
0.0751371
0.136623
0.05423
0.0885419
0.0851803
0.075
0.0524362
0.0642982
0.0354104
0.0876001
0.0649981
0.0873233
0.0872035
0.012069
0.0606765
0.0528077
0.0302195
0.0948243
0.0832137
0.0380499
0.0643555
0.0574655
0.0695145
0.0988015
0.0612281
0.0602395
0.0502242
0.208209
0.0954795
0.0314473
0.0672889
0.111112
0.0962264
0.0528946
0.0742898
0.0657294
0.0986004
0.0803872
0.0932332
0.0226278
0.0762308
0.0545591
0.0775092
0.0686426
0.162034
0.0468915
0.0421613
0.0392335
0.153769
0.128206
0.0471505
0.100521
0.136794
0.0414147
0.124184
0.0384432
0.0460039
0.0468757
0.0968315
0.15537
0.0356913
0.0207185
0.0595332
0.0874586
0.0949564
0.193938
0.085062
0.0272979
0.119945
0.111474
0.210371
0.078434
0.0591942
0.127371
0.0626314
0.0655159
0.063097
0.0214215
0.0714823
0.0500563
0.0780107
0.0336475
0.103128
0.026921
0.0536339
0.0305459
0.0589243
0.0471573
0.0687156
0.0440287
0.036169
0.0745261
0.119307
0.0827851
0.132259
0.0889026
0.136666
0.10838
0.11435
0.0327691
0.0579261
0.0628799
0.0922276
0.0594774
0.0277457
0.0582184
0.0754306
0.0583383
0.0414394
0.0974957
0.0188721
0.0700233
0.0338188
0.0614207
0.152284
0.185608
0.0406989
0.150214
0.0452168
0.0756794
0.021862
0.090879
0.112917
0.0831838
0.110521
0.138415
0.0547198
0.0740768
0.103109
0.133442
0.0440929
0.0885248
0.144187
0.088481
0.0991614
0.0889322
0.0600059
0.0341042
0.056241
0.061129
0.0794093
0.051846
0.0301795
0.0355297
0.087174
0.0803135
0.019587
0.041494
0.0915359
0.0391774
0.0298625
0.027511
0.0737713
0.0459425
0.112851
0.0438776
0.14153
0.195427
0.0989894
0.0154519
0.0686828
0.0781588
0.0268147
0.069822
0.109442
0.108166
0.0820045
0.126908
0.0301191
0.126782
0.0217625
0.0436382
0.0339062
0.0867921
0.134205
0.0340153
0.122665
0.0700496
0.0618858
0.0132205
0.0776353
0.0727852
0.105006
0.0708615
0.0861982
0.0667837
0.0187328
0.0890997
0.0723901
0.0429367
0.0828148
0.0367106
0.0780609
0.211178
0.109523
0.0542586
0.0200808
0.0581205
0.0764117
0.0602825
0.0346161
0.0792101
0.0174122
0.141075
0.0866327
0.0756279
0.0390185
0.0569881
0.0365954
0.0908994
0.0592875
0.0229583
0.0549694
0.066659
0.155781
0.0889389
0.0649026
0.0115426
0.0552089
0.175232
0.08501
0.0910548
0.067505
0.0878684
0.102221
0.0522514
0.176482
0.0545908
0.17847
0.133714
0.0354283
0.117881
0.0998226
0.118242
0.112931
0.0895125
0.0234969
0.0881616
0.153263
0.113622
0.0436076
0.0215825
0.103927
0.0346889
0.0311963
0.177657
0.0865583
0.10978
0.0435162
0.0945286
0.0854534
0.0495318
0.0391533
0.0568312
0.0372873
0.1741
0.0195612
0.0502611
0.0977487
0.103813
0.106227
0.0821104
0.103677
0.0725288
0.0511828
0.0545008
0.0882693
0.0855311
0.0958688
0.0537894
0.12026
0.0274652
0.0699256
0.0638393
0.0582416
0.162343
0.022451
0.0973896
0.0346417
0.069379
0.0440311
0.100623
0.0298422
0.112616
0.0838333
0.0312527
0.0388757
0.0674246
0.0568672
0.133185
0.0821342
0.0390342
0.134847
0.0378902
0.0515518
0.0699575
0.0672378
0.0278002
0.0948692
0.0551499
0.0723258
0.0555639
0.104964
0.0815355
0.166756
0.0738029
0.0903344
0.0643876
0.120988
0.0673906
0.10955
0.152749
0.125684
0.042682
0.160928
0.0792407
0.0587797
0.063294
0.151151
0.104984
0.169435
0.0921159
0.0630382
0.082817
0.107783
0.0172971
0.0607085
0.0618895
0.0284722
0.0621035
0.0777654
0.0689823
0.145723
0.0288115
0.0543505
0.0726996
0.0323329
0.0444093
0.0346357
0.119402
0.154448
0.159084
0.0379072
0.0817119
0.0893014
0.0780004
0.107116
0.149485
0.0412173
0.0412332
0.043156
0.0708413
0.0220534
0.081174
0.0651029
0.0195151
0.0765962
0.155782
0.0499451
0.0507239
0.0812511
0.0425017
0.105718
0.070799
0.0207576
0.0459464
0.119379
0.0319273
0.107854
0.132228
0.106105
0.115549
0.0595561
0.0593672
0.0294842
0.060033
0.0873994
0.0530604
0.0896615
0.0781187
0.0670413
0.0620828
0.0531587
0.0149918
0.103705
0.0640622
0.0241476
0.116947
0.0790116
0.0591017
0.117451
0.0731243
0.0825914
0.0281749
0.0662749
0.0912657
0.0735747
0.0723879
0.0957314
0.0805227
0.0252382
0.0558832
0.042364
0.0292457
0.0444139
0.0181276
0.100673
0.101345
0.179787
0.0707296
0.0304068
0.0693043
0.153993
0.0570639
0.0405972
0.0517356
0.0880994
0.085376
0.0808911
0.0429126
0.0799108
0.0405437
0.168556
0.0620413
0.0704985
0.0904698
0.101772
0.0777577
0.133686
0.0761973
0.0843454
0.113466
0.0425889
0.0282439
0.0847799
0.192289
0.0371184
0.0699103
0.0577424
0.0806626
0.0883517
0.0360038
0.109764
0.0566347
0.102122
0.0368261
0.0285688
0.0807882
0.135878
0.0591905
0.0599214
0.103975
0.0638039
0.121381
0.164888
0.108184
0.0856487
0.144615
0.101892
0.0304866
0.0414854
0.0461367
0.0638417
0.0392013
0.0541681
0.0219718
0.0705749
0.0475266
0.0427443
0.116593
0.0500231
0.124898
0.0944267
0.0728345
0.028549
0.0762104
0.0478419
0.058841
0.0208107
0.0650004
0.0567363
0.119738
0.0488746
0.10003
0.0317927
0.131482
0.113441
0.0536175
0.0631816
0.0407978
0.0641141
0.0403797
0.0278438
0.110875
0.100171
0.14711
0.085436
0.0818097
0.158321
0.0711656
0.00782856
0.0492861
0.0784339
0.0685569
0.223264
0.0470402
0.112846
0.0762011
0.0466962
0.0548589
0.137575
0.0622292
0.0490086
0.0904536
0.0601549
0.0726283
0.124263
0.17917
0.0240877
0.0110526
0.135526
0.0429407
0.0865034
0.118277
0.140538
0.0864355
0.083474
0.0608652
0.0356543
0.0890624
0.045205
0.0626585
0.103235
0.0474928
0.0317216
0.0740315
0.0520836
0.0945236
0.0575289
0.107194
0.0670542
0.0905566
0.0638638
0.0248762
0.0116171
0.0782171
0.0772108
0.0302408
0.0597071
0.0396264
0.220915
0.0550235
0.110642
0.0797213
0.0898462
0.0710745
0.0202172
0.137123
0.121031
0.0089049
0.118355
0.10394
0.114721
0.118308
0.0308806
0.0611119
0.0848014
0.0208601
0.0734829
0.0556799
0.156913
0.0627905
0.0960983
0.0989742
0.0514028
0.0741552
0.135185
0.0260776
0.0446639
0.0652412
0.030191
0.0400219
0.0550914
0.0461181
0.0567122
0.0482696
0.0155425
0.0343271
0.0715347
0.132124
0.0853798
0.109688
0.0691336
0.0983569
0.104661
0.08702
0.0347485
0.127571
0.0774815
0.0512384
0.0820671
0.0561339
0.00892377
0.0704005
0.0545603
0.123586
0.0196181
0.0886463
0.0928857
0.0670805
0.0202483
0.0310559
0.02217
0.0664471
0.0706435
0.00656739
0.0919969
0.0446415
0.0650081
0.0745989
0.0543834
0.0795162
0.0624618
0.0337966
0.0213154
0.0911638
0.0531723
0.0454058
0.0926187
0.140323
0.0309743
0.120822
0.0761494
0.0852772
0.0748376
0.0581548
0.017537
0.118127
0.0834641
0.0704928
0.0897665
0.106359
0.0728127
0.135396
0.0995049
0.0792307
0.0822596
0.0980866
0.143165
0.0580378
0.11261
0.0402013
0.0524154
0.094497
0.184836
0.0446551
0.120054
0.0313874
0.0747462
0.0434688
0.0217587
0.0350185
0.129951
0.0396921
0.111604
0.110417
0.0659889
0.14491
0.0398692
0.119863
0.0626765
0.0586327
0.0251714
0.0690161
0.0442622
0.100778
0.140749
0.0582746
0.039486
0.0607093
0.0858892
0.104759
0.0376362
0.060569
0.0474055
0.0434114
0.0462177
0.0923993
0.0824195
0.0736182
0.0461065
0.0415676
0.0679514
0.104612
0.0495447
0.0365836
0.0327614
0.0638428
0.057571
0.124269
0.0372553
0.0409774
0.0984091
0.0397975
0.0186503
0.0731818
0.0834822
0.0402774
0.0482514
0.0937684
0.0224754
0.0448834
0.045205
0.0313334
0.0631585
0.0264648
0.0222807
0.055713
0.0206975
0.0960952
0.111035
0.139038
0.185468
0.0452262
0.110654
0.0585126
0.095181
0.0988613
0.0632873
0.0521642
0.0563279
0.0914195
0.0291279
0.14855
0.0578753
0.0949431
0.0626602
0.0424386
0.0755007
0.0332899
0.0330062
0.106903
0.0760619
0.00659208
0.0511937
0.0810219
0.149302
0.145066
0.0574477
0.071451
0.0621915
0.0751117
0.0394085
0.12628
0.0303576
0.0195923
0.0893816
0.0263131
0.101654
0.0582749
0.0334371
0.0530809
0.122503
0.0631605
0.0406537
0.102848
0.124372
0.105978
0.0815912
0.142634
0.0804807
0.0523776
0.0586983
0.120236
0.131175
0.0482464
0.063888
0.0656951
0.0567427
0.0236964
0.128946
0.0434853
0.0743644
0.0124691
0.110803
0.0773138
0.0342374
0.0838023
0.0862647
0.10923
0.0659637
0.06641
0.0385558
0.097709
0.0162452
0.141851
0.0224811
0.0133494
0.0471747
0.0372474
0.122116
0.0959458
0.0445587
0.0833262
0.242968
0.0791119
0.0801477
0.06302
0.0326275
0.0915021
0.0515469
0.0694006
0.0718037
0.078079
0.0444445
0.0925352
0.0574098
0.122035
0.0622619
0.0952023
0.0722467
0.060755
0.0924201
0.128138
0.106291
0.112081
0.103454
0.0253615
0.11492
0.0825133
0.0411461
0.0252168
0.0886537
0.0310767
0.046325
0.0686874
0.0609453
0.0537002
0.0409822
0.0509447
0.0254717
0.0157929
0.0525266
0.0384502
0.057192
0.0761522
0.0468442
0.0251071
0.0696908
0.0588894
0.0246406
0.120711
0.0431183
0.0425439
0.0471698
0.131789
0.0523468
0.031814
0.0444414
0.105682
0.127163
0.0456987
0.0694906
0.0859246
0.0709668
0.0729152
0.12939
0.102236
0.0724615
0.0684865
0.0926703
0.0893164
0.128337
0.0404218
0.0549596
0.150966
0.0491632
0.0814753
0.137855
0.221367
0.105864
0.0864028
0.0716834
0.16556
0.0560155
0.0825403
0.118941
0.0552045
0.0680414
0.0895906
0.0650746
0.155559
0.0871826
0.0650551
0.0784441
0.0305085
0.0306373
0.0566275
0.0634802
0.0651265
0.0508557
0.107426
0.06576
0.0126526
0.0636277
0.107116
0.0814124
0.163094
0.0747138
0.0289226
0.0467341
0.0238506
0.0939163
0.0575264
0.0132566
0.0700372
0.0161384
0.0488309
0.0682796
0.0692441
0.0432551
0.0552676
0.044993
0.0366768
0.0735081
0.117606
0.0300368
0.0581374
0.0632397
0.0509469
0.133913
0.134154
0.114123
0.0531773
0.121574
0.0498266
0.0723335
0.0850292
0.117173
0.067569
0.151484
0.0671167
0.0791613
0.0421774
0.0831542
0.024177
0.102476
0.0438823
0.0804802
0.0420742
0.0640246
0.0301218
0.153458
0.0792136
0.0691032
0.0555113
0.108804
0.102403
0.0515713
0.0964053
0.0289954
0.138174
0.134768
0.10057
0.236297
0.0252245
0.0735309
0.0795668
0.028578
0.109963
0.0745308
0.0684613
0.0434504
0.0262436
0.104261
0.0541332
0.120579
0.0907133
0.0324178
0.0517644
0.0979756
0.0828083
0.0971196
0.122456
0.0660646
0.126175
0.0969487
0.0748028
0.0592099
0.0944234
0.120831
0.042163
0.0176544
0.0699182
0.0454419
0.0278644
0.0453099
0.0537583
0.0936883
0.0918857
0.04355
0.0793924
0.0718226
0.0458052
0.0324115
0.0374013
0.117192
0.100875
0.0551385
0.032459
0.107393
0.0874991
0.0726328
0.0803122
0.0165219
0.0493106
0.0927402
0.103138
0.0955541
0.0818037
0.0494477
0.0675851
0.120332
0.0475023
0.147491
0.0602421
0.038008
0.169452
0.0332405
0.0730528
