0 0.728122
20 0.776645
40 0.424045
60 0.189135
80 0.245578
100 0.457001
120 0.851887
140 0.512933
160 0.27586
180 0.645622
200 0.215632
220 0.16807
240 0.177767
260 0.726864
280 0.947047
300 0.146338
320 0.35479
340 0.267579
360 0.381336
380 0.111853
400 0.590227
420 0.240937
440 0.355394
460 0.265795
480 0.317463
500 0.779481
520 0.20203
540 0.0746811
560 0.250403
580 0.807423
600 0.698872
620 0.780122
640 0.661687
660 0.0298319
680 0.741078
700 0.103236
720 0.142859
740 0.152786
760 0.631047
780 0.665247
800 0.213549
820 0.163712
840 0.81062
860 0.987182
880 0.620297
900 0.300854
920 0.338745
940 0.0907944
960 0.279094
980 0.366295
1000 0.165898
1020 0.236424
1040 0.0698522
1060 0.181294
1080 0.132926
1100 0.859862
1120 0.0772616
1140 0.157584
1160 0.115212
1180 0.400155
1200 0.395739
1220 0.248562
1240 0.130021
1260 0.19382
1280 0.484316
1300 0.115948
1320 0.422649
1340 0.402571
1360 0.302732
1380 0.465304
1400 0.152685
1420 0.172633
1440 0.336077
1460 0.729513
1480 0.819546
1500 0.226231
1520 0.167817
1540 0.192611
1560 0.127594
1580 0.1177
1600 0.705312
1620 0.205186
1640 0.242902
1660 0.148051
1680 0.190482
1700 0.178829
1720 0.306203
1740 0.146211
1760 0.386211
1780 0.129678
1800 0.221292
1820 0.589345
1840 0.102079
1860 0.0322005
1880 0.761405
1900 0.119762
1920 0.378056
1940 0.0667575
1960 0.21669
1980 0.126628
2000 0.266693
2020 0.160733
2040 0.144427
2060 0.0765604
2080 0.227113
2100 0.14255
2120 0.167997
2140 0.414828
2160 0.284653
2180 0.285551
2200 0.537915
2220 0.185109
2240 0.106836
2260 0.383142
2280 0.102186
2300 0.138996
2320 0.678371
2340 0.157444
2360 0.532264
2380 0.294343
2400 0.197641
2420 0.129064
2440 0.0708814
2460 0.228522
2480 0.0686807
2500 0.222343
2520 0.197245
2540 0.309045
2560 0.15638
2580 0.694376
2600 0.121783
2620 0.12011
2640 0.0715965
2660 0.147168
2680 0.209417
2700 1.00583
2720 0.646828
2740 0.207069
2760 0.210041
2780 0.29581
2800 0.18285
2820 0.215749
2840 0.214652
2860 0.0905677
2880 0.114426
2900 0.114269
2920 0.538708
2940 0.640773
2960 0.713911
2980 0.16594
3000 0.370314
3020 0.0902834
3040 0.620954
3060 0.643996
3080 0.633912
3100 0.0555814
3120 0.0677284
3140 0.633686
3160 0.700636
3180 0.0913517
3200 0.419971
3220 0.291188
3240 0.0615271
3260 0.129979
3280 0.700251
3300 0.132006
3320 0.0815581
3340 0.563174
3360 0.129997
3380 0.591321
3400 0.0643555
3420 0.42554
3440 0.581879
3460 0.162276
3480 0.632509
3500 0.215571
3520 0.290233
3540 0.247373
3560 0.0713382
3580 0.276188
3600 0.0551242
3620 0.555134
3640 0.0787494
3660 0.575854
3680 0.0694814
3700 0.505767
3720 0.107038
3740 0.0628519
3760 0.352515
3780 0.109437
3800 0.37886
3820 0.252329
3840 0.631655
3860 0.0928063
3880 0.353834
3900 0.478524
3920 0.220152
3940 0.240799
3960 0.592769
3980 0.114029
4000 0.553635
4020 0.153812
4040 0.244575
4060 0.132479
4080 0.236434
4100 0.238388
4120 0.0855242
4140 0.298548
4160 0.307237
4180 0.0528805
4200 0.339368
4220 0.318173
4240 0.105853
4260 0.100564
4280 0.0700068
4300 0.0853247
4320 0.060281
4340 0.168849
4360 0.671245
4380 0.0916243
4400 0.391092
4420 0.053915
4440 0.300363
4460 0.419278
4480 0.124269
4500 0.0397573
4520 0.474509
4540 0.568288
4560 0.0823602
4580 0.174205
4600 0.570771
4620 0.0734237
4640 0.3835
4660 0.191423
4680 0.330931
4700 0.788883
4720 0.0551208
4740 0.211936
4760 0.298989
4780 0.23767
4800 0.218908
4820 0.0831479
4840 0.0943846
4860 0.449268
4880 0.0632445
4900 0.108043
4920 0.584301
4940 0.16681
4960 0.577888
4980 0.145024
5000 0.0934027
5020 0.129021
5040 0.111015
5060 0.159636
5080 0.173789
5100 0.081246
5120 0.191806
5140 0.341494
5160 0.502956
5180 0.120068
5200 0.342018
5220 0.054707
5240 0.748771
5260 0.583724
5280 0.174044
5300 0.115044
5320 0.364822
5340 0.484424
5360 0.243393
5380 0.0895602
5400 0.18501
5420 0.45207
5440 0.520796
5460 0.828565
5480 0.343337
5500 0.493763
5520 0.13854
5540 0.237228
5560 0.46858
5580 0.111159
5600 0.478758
5620 0.276102
5640 0.322786
5660 0.0682655
5680 0.312882
5700 0.308137
5720 0.0411372
5740 0.408125
5760 0.155851
5780 0.503463
5800 0.641627
5820 0.0694013
5840 0.0974203
5860 0.132705
5880 0.143855
5900 0.0999707
5920 0.407716
5940 0.374384
5960 0.0524493
5980 0.0795342
6000 0.167077
6020 0.041461
6040 0.492712
6060 0.101364
6080 0.0270318
6100 0.0431256
6120 0.272794
6140 0.185045
6160 0.121396
6180 0.243914
6200 0.591006
6220 0.207029
6240 0.293721
6260 0.131005
6280 0.145582
6300 0.188752
6320 0.435026
6340 0.303539
6360 0.0682043
6380 0.0803403
6400 0.194121
6420 0.132838
6440 0.202399
6460 0.111867
6480 0.0849143
6500 0.0577014
6520 0.0779076
6540 0.277549
6560 0.0734276
6580 0.0829394
6600 0.0315837
6620 0.0885866
6640 0.0612343
6660 0.165851
6680 0.626806
6700 0.0999274
6720 0.496177
6740 0.56872
6760 0.695283
6780 0.0664522
6800 0.104737
6820 0.468763
6840 0.750114
6860 0.110023
6880 0.118811
6900 0.404583
6920 0.509249
6940 0.0816326
6960 0.0902379
6980 0.0806729
7000 0.314828
7020 0.370611
7040 0.229553
7060 0.329375
7080 0.122306
7100 0.0401624
7120 0.405589
7140 0.324458
7160 0.079342
7180 0.0885621
7200 0.499647
7220 0.159365
7240 0.210817
7260 0.0292245
7280 0.516306
7300 0.158363
7320 0.0993938
7340 0.272699
7360 0.114088
7380 0.218896
7400 0.353291
7420 0.116899
7440 0.0667114
7460 0.563148
7480 0.700852
7500 0.831663
7520 0.781509
7540 0.533795
7560 0.0965834
7580 0.150584
7600 0.096141
7620 0.436923
7640 0.597133
7660 0.196609
7680 0.0747632
7700 0.0947973
7720 0.604935
7740 0.185802
7760 0.135248
7780 0.265851
7800 0.0622738
7820 0.0636094
7840 0.0659639
7860 0.0365634
7880 0.141369
7900 0.177208
7920 0.209686
7940 0.290491
7960 0.341518
7980 0.518438
8000 0.112294
8020 0.322413
8040 0.354436
8060 0.45304
8080 0.309774
8100 0.49466
8120 0.184713
8140 0.172941
8160 0.361404
8180 0.627533
8200 0.151847
8220 0.218216
8240 0.472399
8260 0.921644
8280 0.154335
8300 0.33528
8320 0.468968
8340 0.0588592
8360 0.623116
8380 0.414976
8400 0.146847
8420 0.116769
8440 0.151659
8460 0.105421
8480 0.0638935
8500 0.163793
8520 0.0455912
8540 0.10736
8560 0.181916
8580 0.127582
8600 0.0414441
8620 0.0261972
8640 0.311859
8660 0.600132
8680 0.662915
8700 0.084859
8720 0.213519
8740 0.704763
8760 0.139422
8780 0.34984
8800 0.433795
8820 0.149809
8840 0.371204
8860 0.162349
8880 0.398632
8900 0.146329
8920 0.255647
8940 0.116527
8960 0.140558
8980 0.0930354
9000 0.505557
9020 0.341052
9040 0.207183
9060 0.0496829
9080 0.0507455
9100 0.17358
9120 0.138637
9140 0.414485
9160 0.379913
9180 0.152924
9200 0.0908064
9220 0.063859
9240 0.164138
9260 0.452329
9280 0.0622355
9300 0.10822
9320 0.037026
9340 0.167944
9360 0.27801
9380 0.181472
9400 0.552783
9420 0.318445
9440 0.0942306
9460 0.0899984
9480 0.162961
9500 0.304541
9520 0.116047
9540 0.162312
9560 0.161827
9580 0.127391
9600 0.393351
9620 0.5469
9640 0.0486195
9660 0.126649
9680 0.288722
9700 0.0730515
9720 0.0438157
9740 0.0862662
9760 0.176646
9780 0.0667132
9800 0.406593
9820 0.0803273
9840 0.0819448
9860 0.0789092
9880 0.0792348
9900 0.251696
9920 0.0829477
9940 0.181429
9960 0.140222
9980 0.514584
10000 0.144545
10020 0.578003
10040 0.119886
10060 0.340993
10080 0.172833
10100 0.155568
10120 0.463686
10140 0.549821
10160 0.411085
10180 0.170058
10200 0.326338
10220 0.614763
10240 0.278226
10260 0.578991
10280 0.139716
10300 0.197572
10320 0.717183
10340 0.438576
10360 0.0856881
10380 0.540091
10400 0.210477
10420 0.545129
10440 0.337856
10460 0.163855
10480 0.474131
10500 0.432719
10520 0.210983
10540 0.163417
10560 0.0976293
10580 0.0482884
10600 0.520496
10620 0.435219
10640 0.0488692
10660 0.318558
10680 0.479277
10700 0.107469
10720 0.0697037
10740 0.318554
10760 0.528778
10780 0.603529
10800 0.2693
10820 0.329307
10840 0.142245
10860 0.082001
10880 0.40552
10900 0.123371
10920 0.152359
10940 0.232123
10960 0.114816
10980 0.0782809
11000 0.16304
11020 0.297859
11040 0.0786241
11060 0.495072
11080 0.207116
11100 0.0316958
11120 0.0701181
11140 0.0745097
11160 0.113896
11180 0.0648629
11200 0.0484623
11220 0.139351
11240 0.138107
11260 0.224633
11280 0.0681843
11300 0.171494
11320 0.0552966
11340 0.0807066
11360 0.0595793
11380 0.065345
11400 0.231059
11420 0.054079
11440 0.403552
11460 0.473647
11480 0.105999
11500 0.0537032
11520 0.307809
11540 0.183182
11560 0.157949
11580 0.159341
11600 0.111903
11620 0.601974
11640 0.0641948
11660 0.0480086
11680 0.197446
11700 0.215764
11720 0.139545
11740 0.0957225
11760 0.122572
11780 0.178247
11800 0.357426
11820 0.230721
11840 0.0809479
11860 0.217919
11880 0.0850403
11900 0.185956
11920 0.39248
11940 0.0661112
11960 0.459438
11980 0.13661
12000 0.20544
12020 0.0999753
12040 0.0665017
12060 0.337068
12080 0.0261393
12100 0.176409
12120 0.209185
12140 0.220429
12160 0.0572283
12180 0.139611
12200 0.392411
12220 0.472709
12240 0.245754
12260 0.199993
12280 0.429577
12300 0.379963
12320 0.536462
12340 0.244969
12360 0.21866
12380 0.136595
12400 0.0662119
12420 0.256715
12440 0.568926
12460 0.0430764
12480 0.155475
12500 0.108391
12520 0.795594
12540 0.165898
12560 0.0963851
12580 0.330246
12600 0.189566
12620 0.441242
12640 0.333032
12660 0.49672
12680 0.172693
12700 0.0956044
12720 0.138098
12740 0.104035
12760 0.756378
12780 0.931585
12800 0.27289
12820 0.108792
12840 0.107344
12860 0.203346
12880 0.352367
12900 0.121493
12920 0.0587999
12940 0.0681428
12960 0.170984
12980 0.464576
13000 0.277234
13020 0.113816
13040 0.123295
13060 0.253539
13080 0.302973
13100 0.0566536
13120 0.139477
13140 0.0370728
13160 0.141088
13180 0.238239
13200 0.234089
13220 0.310194
13240 0.297347
13260 0.187586
13280 0.269718
13300 0.249635
13320 0.171732
13340 0.153867
13360 0.140107
13380 0.181864
13400 0.143819
13420 0.0731387
13440 0.144652
13460 0.0985425
13480 0.251083
13500 0.366709
13520 0.109966
13540 0.0705758
13560 0.111562
13580 0.420589
13600 0.305372
13620 0.0736098
13640 0.403199
13660 0.200425
13680 0.494556
13700 0.308158
13720 0.278975
13740 0.418626
13760 0.348604
13780 0.579025
13800 0.209989
13820 0.0905652
13840 0.123531
13860 0.210669
13880 0.118852
13900 0.151521
13920 0.45125
13940 0.385907
13960 0.353044
13980 0.0682145
14000 0.071408
14020 0.24524
14040 0.103961
14060 0.0975593
14080 0.250977
14100 0.0564876
14120 0.463079
14140 0.318659
14160 0.467223
14180 0.0971234
14200 0.476711
14220 0.212046
14240 0.237153
14260 0.104884
14280 0.0831273
14300 0.150767
14320 0.103159
14340 0.0386304
14360 0.161618
14380 0.133446
14400 0.227949
14420 0.0912768
14440 0.136747
14460 0.0776409
14480 0.131273
14500 0.200027
14520 0.471732
14540 0.399711
14560 0.0495437
14580 0.161166
14600 0.0719747
14620 0.054429
14640 0.124134
14660 0.0828714
14680 0.350491
14700 0.412687
14720 0.178849
14740 0.177945
14760 0.216051
14780 0.0861729
14800 0.0723579
14820 0.421498
14840 0.103149
14860 0.506879
14880 0.23423
14900 0.0718665
14920 0.0655673
14940 0.358766
14960 0.061506
14980 0.266415
15000 0.0907105
15020 0.258998
15040 0.0803323
15060 0.0369745
15080 0.460283
15100 0.197309
15120 0.0993433
15140 0.0670259
15160 0.272644
15180 0.125809
15200 0.357673
15220 0.438218
15240 0.698231
15260 0.0486757
15280 0.0540897
15300 0.137678
15320 0.564185
15340 0.649887
15360 0.562448
15380 0.339969
15400 0.182694
15420 0.135491
15440 0.261436
15460 0.0854712
15480 0.851245
15500 0.559629
15520 0.14586
15540 0.368597
15560 0.551985
15580 0.191447
15600 0.285052
15620 0.19116
15640 0.216916
15660 0.140461
15680 0.438979
15700 0.121882
15720 0.119493
15740 0.693282
15760 0.136222
15780 0.115619
15800 0.129726
15820 0.400206
15840 0.521458
15860 0.0784746
15880 0.0875853
15900 0.695451
15920 0.748623
15940 0.306711
15960 0.0895121
15980 0.0343184
16000 0.120075
16020 0.329213
16040 0.0927972
16060 0.560423
16080 0.560308
16100 0.170564
16120 0.0865092
16140 0.253948
16160 0.357331
16180 0.0911427
16200 0.102714
16220 0.329315
16240 0.0547897
16260 0.154597
16280 0.155346
16300 0.0799764
16320 0.286223
16340 0.156878
16360 0.0734447
16380 0.0504071
16400 0.466381
16420 0.604434
16440 0.125964
16460 0.0825079
16480 0.0692951
16500 0.581165
16520 0.900808
16540 0.109346
16560 0.0842314
16580 0.121232
16600 0.4561
16620 0.492415
16640 0.235209
16660 0.56675
16680 0.121565
16700 0.113139
16720 0.0239663
16740 0.132269
16760 0.339604
16780 0.108483
16800 0.423579
16820 0.244372
16840 0.1253
16860 0.251072
16880 0.0475522
16900 0.549759
16920 0.156711
16940 0.151621
16960 0.190386
16980 0.0101883
17000 0.163695
17020 0.0864525
17040 0.167481
17060 0.0652274
17080 0.0512308
17100 0.40431
17120 0.375536
17140 0.492691
17160 0.39888
17180 0.0604173
17200 0.274565
17220 0.110578
17240 0.0648279
17260 0.145649
17280 0.233666
17300 0.0531226
17320 0.0594693
17340 0.186183
17360 0.565907
17380 0.0655727
17400 0.811058
17420 0.644491
17440 0.426892
17460 0.0316448
17480 0.0557895
17500 0.16016
17520 0.0823244
17540 0.215179
17560 0.238779
17580 0.120461
17600 0.347461
17620 0.226695
17640 0.168652
17660 0.0734274
17680 0.310957
17700 0.325748
17720 0.174368
17740 0.0386014
17760 0.468153
17780 0.207642
17800 0.0737083
17820 0.469657
17840 0.133246
17860 0.2477
17880 0.541388
17900 0.143967
17920 0.254471
17940 0.106852
17960 0.43114
17980 0.485203
18000 0.119048
18020 0.197834
18040 0.153766
18060 0.492901
18080 0.346409
18100 0.686935
18120 0.0906859
18140 0.10468
18160 0.620653
18180 0.0389355
18200 0.19346
18220 0.204634
18240 0.653085
18260 0.385725
18280 0.269583
18300 0.083355
18320 0.358496
18340 0.128968
18360 0.213798
18380 0.452416
18400 0.114209
18420 0.226677
18440 0.0634869
18460 0.0975914
18480 0.139731
18500 0.465396
18520 0.0659687
18540 0.165077
18560 0.14462
18580 0.110021
18600 0.124158
18620 0.531408
18640 0.163461
18660 0.0972487
18680 0.600939
18700 0.174628
18720 0.114159
18740 0.119904
18760 0.375234
18780 0.0987708
18800 0.663171
18820 0.0658744
18840 0.142772
18860 0.0375801
18880 0.123622
18900 0.111885
18920 0.0628788
18940 0.167928
18960 0.652147
18980 0.425977
19000 0.451495
19020 0.0271959
19040 0.0948985
19060 0.623817
19080 0.110561
19100 0.382672
19120 0.234303
19140 0.82745
19160 0.368173
19180 0.234746
19200 0.269166
19220 0.218423
19240 0.0721874
19260 0.0316537
19280 0.0893036
19300 0.0545636
19320 0.173225
19340 0.100972
19360 0.184748
19380 0.129335
19400 0.536119
19420 0.0545882
19440 0.337403
19460 0.0742619
19480 0.100592
19500 0.1772
19520 0.221988
19540 0.535708
19560 0.244904
19580 0.235157
19600 0.081516
19620 0.152452
19640 0.215385
19660 0.606363
19680 0.147627
19700 0.177538
19720 0.125769
19740 0.0889677
19760 0.0428208
19780 0.1011
19800 0.121013
19820 0.11999
19840 0.245122
19860 0.256059
19880 0.375256
19900 0.265178
19920 0.0193473
19940 0.994227
19960 0.214263
19980 0.288293
20000 0.0738068
20020 0.463142
20040 0.122194
20060 0.050047
20080 0.0432511
20100 0.0593889
20120 0.101227
20140 0.0664504
20160 0.139865
20180 0.0630708
20200 0.0353511
20220 0.110594
20240 0.248931
20260 0.0854031
20280 0.104146
20300 0.382614
20320 0.0621616
20340 0.162133
20360 0.308988
20380 0.0973995
20400 0.10038
20420 0.104437
20440 0.17731
20460 1.0077
20480 0.140129
20500 0.417077
20520 0.0377389
20540 0.202005
20560 0.340985
20580 0.0688052
20600 0.470296
20620 0.255069
20640 0.120461
20660 0.323001
20680 0.348129
20700 0.354278
20720 0.056519
20740 0.0861697
20760 0.254454
20780 0.155259
20800 0.291879
20820 0.0716534
20840 0.0484945
20860 0.401483
20880 0.179
20900 0.533245
20920 0.0887125
20940 0.53915
20960 0.0977611
20980 0.10919
21000 0.627555
21020 0.460435
21040 0.527765
21060 0.0699832
21080 0.0623926
21100 0.374107
21120 0.197191
21140 0.283462
21160 0.0509739
21180 0.556998
21200 0.139587
21220 0.15283
21240 0.0742006
21260 0.51943
21280 0.127422
21300 0.0281238
21320 0.287461
21340 0.490054
21360 0.0564321
21380 0.532965
21400 0.0825933
21420 0.0888574
21440 0.469318
21460 0.0850421
21480 0.177124
21500 0.207622
21520 0.141898
21540 0.513012
21560 0.097919
21580 0.323022
21600 0.211892
21620 0.0849391
21640 0.394415
21660 0.087966
21680 0.107272
21700 0.517751
21720 0.116519
21740 0.153691
21760 0.14065
21780 0.683836
21800 0.991056
21820 0.775042
21840 0.413596
21860 0.251368
21880 0.0473532
21900 0.130781
21920 0.110611
21940 0.17909
21960 0.228275
21980 0.211465
22000 0.311198
22020 0.0508765
22040 0.500888
22060 0.0802596
22080 0.0781695
22100 0.0486039
22120 0.268791
22140 0.0893012
22160 0.10583
22180 0.35226
22200 0.177636
22220 0.0860005
22240 0.312687
22260 0.137815
22280 0.706373
22300 0.0381098
22320 0.160488
22340 0.23971
22360 0.50411
22380 0.476026
22400 0.427161
22420 0.225857
22440 0.228778
22460 0.313136
22480 0.355958
22500 0.224363
22520 0.217276
22540 0.497801
22560 0.0645935
22580 0.0913899
22600 0.530421
22620 0.412111
22640 0.0533439
22660 0.0477704
22680 0.130676
22700 0.166118
22720 0.245304
22740 0.579004
22760 0.0517279
22780 0.0725261
22800 0.560783
22820 0.248502
22840 0.1775
22860 0.0459011
22880 0.0533988
22900 0.0225464
22920 0.0960759
22940 0.589348
22960 0.111679
22980 0.122562
23000 0.0985646
23020 0.101401
23040 0.647339
23060 0.414181
23080 0.381132
23100 0.106921
23120 0.0797114
23140 0.0887433
23160 0.227336
23180 0.0702472
23200 0.118086
23220 0.245749
23240 0.617563
23260 0.357014
23280 0.0782095
23300 0.12939
23320 0.0486295
23340 0.185171
23360 0.103575
23380 0.0839825
23400 0.0614122
23420 0.287393
23440 0.24847
23460 0.100675
23480 0.514
23500 0.0469906
23520 0.118286
23540 0.496079
23560 0.267296
23580 0.172533
23600 0.718306
23620 0.0206021
23640 0.224728
23660 0.0902284
23680 0.0276767
23700 0.12305
23720 0.515811
23740 0.26532
23760 0.0778601
23780 0.0955856
23800 0.301549
23820 0.0522912
23840 0.638593
23860 0.0775547
23880 0.346824
23900 0.176242
23920 0.104548
23940 0.0540599
23960 0.068911
23980 0.171638
24000 0.28701
24020 0.519611
24040 0.138492
24060 0.437597
24080 0.232009
24100 0.474173
24120 0.0964807
24140 0.290915
24160 0.123603
24180 0.105986
24200 0.0658636
24220 0.413036
24240 0.0563938
24260 0.100273
24280 0.139651
24300 0.364605
24320 0.0455134
24340 0.043941
24360 0.32512
24380 0.106057
24400 0.490525
24420 0.0986558
24440 0.103082
24460 0.117644
24480 0.102842
24500 0.399216
24520 0.175304
24540 0.0510137
24560 0.150875
24580 0.109674
24600 0.224422
24620 0.120059
24640 0.215508
24660 0.0845864
24680 0.111449
24700 0.036682
24720 0.44983
24740 0.069985
24760 0.121377
24780 0.601983
24800 0.120228
24820 0.0875469
24840 0.244472
24860 0.101844
24880 0.763454
24900 0.533897
24920 0.425553
24940 0.178665
24960 0.26113
24980 0.329186
25000 0.206936
25020 0.148821
25040 0.167361
25060 0.0459868
25080 0.273764
25100 0.117959
25120 0.277765
25140 0.087006
25160 0.446941
25180 0.112164
25200 0.203975
25220 0.53749
25240 0.534099
25260 0.386645
25280 0.292577
25300 0.0859296
25320 0.139762
25340 0.477198
25360 0.181576
25380 0.507078
25400 0.586827
25420 0.0605499
25440 0.256988
25460 0.0925763
25480 0.128967
25500 0.0941701
25520 0.677724
25540 0.199854
25560 0.571501
25580 0.171881
25600 0.085007
25620 0.294263
25640 0.35177
25660 0.252983
25680 0.414256
25700 0.123843
25720 0.0352797
25740 0.537803
25760 0.143691
25780 0.182611
25800 0.0653427
25820 0.164682
25840 0.0822314
25860 0.0317808
25880 0.0566292
25900 0.106948
25920 0.137164
25940 0.671559
25960 0.492979
25980 0.441381
26000 0.133997
26020 0.0599169
26040 0.101628
26060 0.150967
26080 0.360399
26100 0.0694658
26120 0.0873214
26140 0.0711274
26160 0.498111
26180 0.165822
26200 0.383563
26220 0.346097
26240 0.0702282
26260 0.440768
26280 0.0756359
26300 0.259346
26320 0.4832
26340 0.0597363
26360 0.196326
26380 0.625661
26400 0.128839
26420 0.226231
26440 0.367748
26460 0.0485621
26480 0.202572
26500 0.486074
26520 0.0451028
26540 0.390307
26560 0.205125
26580 0.142999
26600 0.0736695
26620 0.0908473
26640 0.630418
26660 0.310133
26680 0.113663
26700 0.081561
26720 0.0545779
26740 0.273388
26760 0.375761
26780 0.517565
26800 0.196667
26820 0.278277
26840 0.163668
26860 0.204621
26880 0.258396
26900 0.165846
26920 0.133628
26940 0.265633
26960 0.0348476
26980 0.339173
27000 0.115718
27020 0.133936
27040 0.375557
27060 0.114084
27080 0.13415
27100 0.234504
27120 0.14129
27140 0.290643
27160 0.0723767
27180 0.0683102
27200 0.0414852
27220 0.12936
27240 0.0872485
27260 0.541426
27280 0.105762
27300 0.51607
27320 0.057359
27340 0.640781
27360 0.0393878
27380 0.0397253
27400 0.112455
27420 0.0926549
27440 0.146034
27460 0.0593134
27480 0.164706
27500 0.11997
27520 0.464125
27540 0.0609629
27560 0.291807
27580 0.0627448
27600 0.385901
27620 0.168999
27640 0.112344
27660 0.161201
27680 0.721126
27700 0.0957914
27720 0.488738
27740 0.0866524
27760 0.150254
27780 0.149252
27800 0.0568726
27820 0.174609
27840 0.105683
27860 0.0983602
27880 0.509652
27900 0.0941788
27920 0.0771615
27940 0.12737
27960 0.0656745
27980 0.109236
28000 0.406043
28020 0.390718
28040 0.504347
28060 0.16959
28080 0.13944
28100 0.17682
28120 0.0938255
28140 0.107276
28160 0.10495
28180 0.209143
28200 0.128525
28220 0.283487
28240 0.483238
28260 0.199635
28280 0.197189
28300 0.115164
28320 0.53888
28340 0.344888
28360 0.102518
28380 0.193572
28400 0.116677
28420 0.337344
28440 0.123176
28460 0.037247
28480 0.102197
28500 0.217103
28520 0.11943
28540 0.0716647
28560 0.292039
28580 0.455043
28600 1.02146
28620 0.0714541
28640 0.0835005
28660 0.218204
28680 0.802233
28700 0.0518396
28720 0.022387
28740 0.253484
28760 0.304612
28780 0.343971
28800 0.490933
28820 0.211109
28840 0.0288597
28860 0.0508046
28880 0.0557121
28900 0.11294
28920 0.151247
28940 0.0805878
28960 0.0358013
28980 0.339317
29000 0.137004
29020 0.0548412
29040 0.209694
29060 0.224032
29080 0.0687484
29100 0.106404
29120 0.297549
29140 0.193915
29160 0.122296
29180 0.121936
29200 0.355729
29220 0.0909376
29240 0.633848
29260 0.133345
29280 0.377506
29300 0.466278
29320 0.287615
29340 0.656388
29360 0.180179
29380 0.202818
29400 0.156037
29420 0.0713635
29440 0.210156
29460 0.0547191
29480 0.429342
29500 0.107897
29520 0.360205
29540 0.430272
29560 0.0841381
29580 0.176659
29600 0.0300501
29620 0.227973
29640 0.584937
29660 0.389802
29680 0.227595
29700 0.0774613
29720 0.0914906
29740 0.0815159
29760 0.139517
29780 0.0486436
29800 0.316761
29820 0.15601
29840 0.406045
29860 0.0868311
29880 0.0972125
29900 0.61285
29920 0.152685
29940 0.139684
29960 0.103984
29980 0.642538
30000 0.214249
30020 0.0399107
30040 0.195963
30060 0.18699
30080 0.0470227
30100 0.141039
30120 0.0652819
30140 0.109574
30160 0.131735
30180 0.0441631
30200 0.0891668
30220 0.111941
30240 0.0971159
30260 0.244647
30280 0.204324
30300 0.194097
30320 0.168434
30340 0.267534
30360 0.580266
30380 0.695156
30400 0.0862225
30420 0.177548
30440 0.0446156
30460 0.0789031
30480 0.108891
30500 0.0930863
30520 0.111801
30540 0.093117
30560 0.102553
30580 0.0962982
30600 0.0696498
30620 0.590227
30640 0.826882
30660 0.340689
30680 0.0547144
30700 0.168022
30720 0.0370071
30740 0.380057
30760 0.524831
30780 0.48637
30800 0.306552
30820 0.101047
30840 0.376266
30860 0.0910864
30880 0.848511
30900 0.0632079
30920 0.090405
30940 0.0506101
30960 0.790875
30980 0.0718477
31000 0.0616111
31020 0.0995627
31040 0.201454
31060 0.470866
31080 0.0739744
31100 0.0898264
31120 0.652275
31140 0.165006
31160 0.0657243
31180 0.0774622
31200 0.0945496
31220 0.116589
31240 0.598616
31260 0.0624197
31280 0.454383
31300 0.542707
31320 0.466729
31340 0.350892
31360 0.171171
31380 0.11673
31400 0.03779
31420 0.119039
31440 0.145733
31460 0.0715079
31480 0.0579648
31500 0.0760651
31520 0.041063
31540 0.0545612
31560 0.0443227
31580 0.109668
31600 0.0917343
31620 0.435991
31640 0.0913501
31660 0.191402
31680 0.609033
31700 0.083072
31720 0.122451
31740 0.312036
31760 0.182652
31780 0.130205
31800 0.463866
31820 0.206168
31840 0.061447
31860 0.241573
31880 0.11149
31900 0.081837
31920 0.0776429
31940 0.408413
31960 0.128891
31980 0.0618761
32000 0.109765
32020 0.139389
32040 0.11419
32060 0.14273
32080 0.0792009
32100 0.123029
32120 0.156555
32140 0.0995792
32160 0.349699
32180 0.11757
32200 0.0738206
32220 0.0472161
32240 0.0558368
32260 0.0904625
32280 0.213212
32300 0.113036
32320 0.110041
32340 0.126201
32360 0.143682
32380 0.331263
32400 0.111354
32420 0.0749778
32440 0.264244
32460 0.105721
32480 0.201143
32500 0.402416
32520 0.0904804
32540 0.201188
32560 0.22935
32580 0.127979
32600 0.130148
32620 0.0807332
32640 0.190202
32660 0.0393788
32680 0.0555177
32700 0.186784
32720 0.0287952
32740 0.535231
32760 0.275672
32780 0.115517
32800 0.297347
32820 0.0828704
32840 0.134518
32860 0.224635
32880 0.230325
32900 0.0655862
32920 0.1187
32940 0.386796
32960 0.162933
32980 0.054925
33000 0.155808
33020 0.308133
33040 0.0929337
33060 0.219676
33080 0.261783
33100 0.0395551
33120 0.185379
33140 0.111334
33160 0.143612
33180 0.489894
33200 0.507184
33220 0.45735
33240 0.137135
33260 0.066544
33280 0.12878
33300 0.255995
33320 0.14821
33340 0.224097
33360 0.131407
33380 0.0157104
33400 0.158762
33420 0.0931887
33440 0.0907049
33460 0.0434523
33480 0.290226
33500 0.243175
33520 0.040609
33540 0.482341
33560 0.114954
33580 0.0863178
33600 0.1186
33620 0.192503
33640 0.0704927
33660 0.0836707
33680 0.189353
33700 0.0990995
33720 0.123889
33740 0.16249
33760 0.036607
33780 0.473704
33800 0.175252
33820 0.247034
33840 0.0356247
33860 0.17933
33880 0.0713845
33900 0.0795738
33920 0.0763009
33940 0.093777
33960 0.484268
33980 0.044811
34000 0.339247
34020 0.109693
34040 0.0707012
34060 0.30904
34080 0.448909
34100 0.245873
34120 0.118182
34140 0.280247
34160 0.0918028
34180 0.116088
34200 0.0522511
34220 0.50867
34240 0.228204
34260 0.320332
34280 0.0604434
34300 0.0408176
34320 0.0617525
34340 0.480593
34360 0.523475
34380 0.106233
34400 0.69226
34420 0.100558
34440 0.399504
34460 0.169945
34480 0.0526105
34500 0.0345854
34520 0.626019
34540 0.0617939
34560 0.241536
34580 0.618048
34600 0.137641
34620 0.0342357
34640 0.0948695
34660 0.143998
34680 0.255809
34700 0.34293
34720 0.0721624
34740 0.156547
34760 0.591166
34780 0.120602
34800 0.394337
34820 0.195169
34840 0.185761
34860 0.545238
34880 0.520174
34900 0.16335
34920 0.0725073
34940 0.0496089
34960 0.0823555
34980 0.0557135
35000 0.0594598
35020 0.0802593
35040 0.291152
35060 0.257798
35080 0.194076
35100 0.0613247
35120 0.0609322
35140 0.412266
35160 0.190385
35180 0.0879468
35200 0.869175
35220 0.0622309
35240 0.901264
35260 0.57652
35280 0.518816
35300 0.201941
35320 0.32849
35340 0.599983
35360 0.0609326
35380 0.201893
35400 0.384168
35420 0.0570929
35440 0.396384
35460 0.5016
35480 0.134711
35500 0.30418
35520 0.0886694
35540 0.353295
35560 0.0872687
35580 0.319189
35600 0.21316
35620 0.0801834
35640 0.129387
35660 0.474463
35680 0.116089
35700 0.134557
35720 0.0828108
35740 0.471772
35760 0.0372433
35780 0.0419881
35800 0.0792834
35820 0.122467
35840 0.709402
35860 0.266807
35880 0.0962913
35900 0.0454888
35920 0.279363
35940 0.0990031
35960 0.0510841
35980 0.364151
36000 0.363915
36020 0.0525669
36040 0.196207
36060 0.301755
36080 0.110183
36100 0.215727
36120 0.0652552
36140 0.159998
36160 0.30234
36180 0.276279
36200 0.07004
36220 0.456238
36240 0.0854754
36260 0.246267
36280 0.230691
36300 0.198557
36320 0.047987
36340 0.127578
36360 0.135119
36380 0.114035
36400 0.137061
36420 0.369225
36440 0.0545296
36460 0.0716789
36480 0.0480666
36500 0.0606796
36520 0.231824
36540 0.380284
36560 0.241506
36580 0.688588
36600 0.051649
36620 0.277852
36640 0.118819
36660 0.374596
36680 0.168794
36700 0.028754
36720 0.0282207
36740 0.440677
36760 0.081121
36780 0.0995944
36800 0.276305
36820 0.119442
36840 0.604014
36860 0.0625627
36880 0.420703
36900 0.652178
36920 0.342117
36940 0.0293505
36960 0.131309
36980 0.113235
37000 0.380999
37020 0.0532702
37040 0.0448752
37060 0.227277
37080 0.0491159
37100 0.232753
37120 0.361595
37140 0.386643
37160 0.0810771
37180 0.0760912
37200 0.0479986
37220 0.0709753
37240 0.295021
37260 0.131933
37280 0.0690013
37300 0.230779
37320 0.203967
37340 0.471002
37360 0.086936
37380 0.361421
37400 0.439132
37420 0.305023
37440 0.504552
37460 0.163867
37480 0.347563
37500 0.170778
37520 0.341158
37540 0.241217
37560 0.0258587
37580 0.321122
37600 0.0970337
37620 0.06565
37640 0.188346
37660 0.096429
37680 0.200459
37700 0.135639
37720 0.308088
37740 0.495977
37760 0.155575
37780 0.0645971
37800 0.0799685
37820 0.495474
37840 0.0561413
37860 0.163528
37880 0.0850469
37900 0.422349
37920 0.103645
37940 0.41052
37960 0.117537
37980 0.0594421
38000 0.0199629
38020 0.0702365
38040 0.210623
38060 0.0508293
38080 0.222902
38100 0.233558
38120 0.128292
38140 0.11047
38160 0.0846221
38180 0.0394201
38200 0.0631989
38220 0.125235
38240 0.193233
38260 0.536227
38280 0.506681
38300 0.213064
38320 0.0658347
38340 0.175752
38360 0.362973
38380 0.432038
38400 0.0634958
38420 0.044403
38440 0.0564582
38460 0.119575
38480 0.261373
38500 0.304322
38520 0.370747
38540 0.0587539
38560 0.0879756
38580 0.544434
38600 0.208245
38620 0.424186
38640 0.383131
38660 0.470533
38680 0.192932
38700 0.249782
38720 0.0714166
38740 0.0723197
38760 0.543224
38780 0.0409393
38800 0.0702431
38820 0.214054
38840 0.0872233
38860 0.0999314
38880 0.0397529
38900 0.578885
38920 0.0504084
38940 0.0567957
38960 0.458384
38980 0.24656
39000 0.211366
39020 0.210786
39040 0.402555
39060 0.0694892
39080 0.190641
39100 0.0590247
39120 0.126057
39140 0.0841986
39160 0.130723
39180 0.115784
39200 0.138449
39220 0.128786
39240 0.167129
39260 0.209309
39280 0.087223
39300 0.114059
39320 0.0713801
39340 0.0793578
39360 0.507517
39380 0.549888
39400 0.0313974
39420 0.209365
39440 0.18612
39460 0.612187
39480 0.408644
39500 0.523153
39520 0.211723
39540 0.111709
39560 0.016407
39580 0.122356
39600 0.117807
39620 0.654008
39640 0.527549
39660 0.226868
39680 0.161336
39700 0.0619936
39720 0.336363
39740 0.462217
39760 0.597346
39780 0.545379
39800 0.259647
39820 0.576105
39840 0.108858
39860 0.311325
39880 0.149486
39900 0.0442129
39920 0.0216726
39940 0.0778778
39960 0.0598285
39980 0.11504
40000 0.163197
40020 0.0725103
40040 0.517307
40060 0.0868732
40080 0.511872
40100 0.0577066
40120 0.300962
40140 0.150521
40160 0.0449337
40180 0.257767
40200 0.0865228
40220 0.530088
40240 0.206121
40260 0.34756
40280 0.196629
40300 0.10132
40320 0.420774
40340 0.205034
40360 0.15319
40380 0.232266
40400 0.198719
40420 0.0381365
40440 0.182342
40460 0.131018
40480 0.26179
40500 0.178278
40520 0.326664
40540 0.457708
40560 0.267041
40580 0.0600426
40600 0.134368
40620 0.0644203
40640 0.0804439
40660 0.208995
40680 0.0896794
40700 0.313838
40720 0.140202
40740 0.411307
40760 0.0839032
40780 0.0409905
40800 0.192746
40820 0.406174
40840 0.324809
40860 0.224134
40880 0.0685845
40900 0.0833018
40920 0.117063
40940 0.119515
40960 0.309612
40980 0.570402
41000 0.17402
41020 0.307789
41040 0.12314
41060 0.099272
41080 0.136852
41100 0.0452072
41120 0.418377
41140 0.109323
41160 0.0573668
41180 0.116665
41200 0.0624957
41220 0.237629
41240 0.0645028
41260 0.179068
41280 0.541014
41300 0.166258
41320 0.0956484
41340 0.0774678
41360 0.43171
41380 0.171602
41400 0.12422
41420 0.557869
41440 0.118165
41460 0.24674
41480 0.186408
41500 0.0961012
41520 0.46279
41540 0.060809
41560 0.0838417
41580 0.253859
41600 0.014489
41620 0.553384
41640 0.0318695
41660 0.170043
41680 0.109324
41700 0.621424
41720 0.533469
41740 0.0333261
41760 0.0754309
41780 0.110525
41800 0.195986
41820 0.561927
41840 0.0893284
41860 0.0427555
41880 0.0359721
41900 0.226504
41920 0.0681398
41940 0.308637
41960 0.0549952
41980 0.056185
42000 0.0537623
42020 0.0419424
42040 0.371636
42060 0.67961
42080 0.0834909
42100 0.0793303
42120 0.34385
42140 0.213389
42160 0.580368
42180 0.21166
42200 0.187411
42220 0.1871
42240 0.688494
42260 0.124658
42280 0.130133
42300 0.0812195
42320 0.128151
42340 0.0806477
42360 0.0444763
42380 0.148083
42400 0.0572905
42420 0.178325
42440 0.115765
42460 0.0724291
42480 0.0756999
42500 0.235418
42520 0.0662462
42540 0.383097
42560 0.221651
42580 0.0723645
42600 0.125283
42620 0.21127
42640 0.190729
42660 0.104924
42680 0.0856695
42700 0.317118
42720 0.508789
42740 0.330144
42760 0.475499
42780 0.073413
42800 0.418469
42820 0.171388
42840 0.171188
42860 0.105634
42880 0.0515559
42900 0.114895
42920 0.355453
42940 0.140679
42960 0.281935
42980 0.0220969
43000 0.027535
43020 0.0656714
43040 0.525378
43060 0.103483
43080 0.384018
43100 0.69177
43120 0.0578575
43140 0.0884749
43160 0.0885272
43180 0.17128
43200 0.103253
43220 0.048414
43240 0.118037
43260 0.0500157
43280 0.135221
43300 0.100412
43320 0.128014
43340 0.193707
43360 0.464845
43380 0.433707
43400 0.0777961
43420 0.362861
43440 0.494934
43460 0.0802261
43480 0.072307
43500 0.0707296
43520 0.0749973
43540 0.138839
43560 0.0818833
43580 0.114036
43600 0.0605805
43620 0.194668
43640 0.313294
43660 0.206803
43680 0.213287
43700 0.532987
43720 0.169564
43740 0.0422699
43760 0.133723
43780 0.62407
43800 0.0647175
43820 0.50397
43840 0.245668
43860 0.102668
43880 0.101952
43900 0.0489979
43920 0.608592
43940 0.192494
43960 0.117348
43980 0.0283775
44000 0.137801
44020 0.0969201
44040 0.0717239
44060 0.135399
44080 0.145382
44100 0.228468
44120 0.384694
44140 0.268452
44160 0.324074
44180 0.414304
44200 0.099436
44220 0.427606
44240 0.114646
44260 0.688711
44280 0.13803
44300 0.113443
44320 0.116887
44340 0.0511848
44360 0.488143
44380 0.342703
44400 0.0767356
44420 0.0744537
44440 0.0577376
44460 0.0828863
44480 0.531653
44500 0.0372794
44520 0.157748
44540 0.240418
44560 0.155061
44580 0.0746463
44600 0.696913
44620 0.278513
44640 0.0595454
44660 0.124484
44680 0.151594
44700 0.0617164
44720 0.150678
44740 0.144889
44760 0.200672
44780 0.438382
44800 0.145605
44820 0.0535368
44840 0.3767
44860 0.627008
44880 0.102259
44900 0.107289
44920 0.128421
44940 0.405342
44960 0.0908717
44980 0.0724473
45000 0.0663727
45020 0.0303696
45040 0.504203
45060 0.0399548
45080 0.0610885
45100 0.0774921
45120 0.0351138
45140 0.214573
45160 0.0224788
45180 0.0605262
45200 0.0790748
45220 0.164851
45240 0.0795609
45260 0.100699
45280 0.0243854
45300 0.241483
45320 0.497063
45340 0.398564
45360 0.779646
45380 0.139448
45400 0.0782038
45420 0.285951
45440 0.280557
45460 0.0552657
45480 0.145285
45500 0.230411
45520 0.40661
45540 0.38816
45560 0.296778
45580 0.253256
45600 0.171276
45620 0.0357213
45640 0.239705
45660 0.405357
45680 0.279261
45700 0.340878
45720 0.13988
45740 0.0885244
45760 0.242107
45780 0.0511307
45800 0.0832352
45820 0.380187
45840 0.104487
45860 0.46245
45880 0.0589969
45900 0.115204
45920 0.707857
45940 0.56174
45960 0.294233
45980 0.225343
46000 0.596434
46020 0.0540683
46040 0.590548
46060 0.0437049
46080 0.266784
46100 0.44805
46120 0.167461
46140 0.0614593
46160 0.469002
46180 0.116844
46200 0.223519
46220 0.0887186
46240 0.188253
46260 0.0641277
46280 0.265793
46300 0.218964
46320 0.203021
46340 0.0553255
46360 0.319582
46380 0.437523
46400 0.0317354
46420 0.141644
46440 0.456546
46460 0.328602
46480 0.103408
46500 0.429648
46520 0.0615003
46540 0.21217
46560 0.252178
46580 0.250837
46600 0.0717831
46620 0.224476
46640 0.377106
46660 0.0816277
46680 0.182739
46700 0.358026
46720 0.227738
46740 0.259136
46760 0.126014
46780 0.197118
46800 0.163247
46820 0.326261
46840 0.0544465
46860 0.0525638
46880 0.125133
46900 0.211146
46920 0.42479
46940 0.0826378
46960 0.351725
46980 0.09388
47000 0.0484473
47020 0.0824784
47040 0.15336
47060 0.52229
47080 0.627035
47100 0.118239
47120 0.152274
47140 0.203489
47160 0.193232
47180 0.38639
47200 0.0811245
47220 0.270337
47240 0.0923573
47260 0.138733
47280 0.187534
47300 0.307207
47320 0.390784
47340 0.258212
47360 0.15084
47380 0.322003
47400 0.0767339
47420 0.0760743
47440 0.222089
47460 0.057565
47480 0.0986207
47500 0.107495
47520 0.0802727
47540 0.117662
47560 0.164684
47580 0.144145
47600 0.590258
47620 0.143791
47640 0.107696
47660 0.542205
47680 0.080641
47700 0.241811
47720 0.287449
47740 0.0744352
47760 0.120824
47780 0.214778
47800 0.0180508
47820 0.196123
47840 0.494683
47860 0.0555467
47880 0.244474
47900 0.0452434
47920 0.0737403
47940 0.176539
47960 0.468665
47980 0.0480634
48000 0.0817949
48020 0.100947
48040 0.164945
48060 0.109664
48080 0.066145
48100 0.350377
48120 0.226732
48140 0.519378
48160 0.687431
48180 0.170171
48200 0.0904093
48220 0.109625
48240 0.239409
48260 0.599585
48280 0.557523
48300 0.0855696
48320 0.307046
48340 0.593994
48360 0.521666
48380 0.439719
48400 0.192491
48420 0.0616969
48440 0.225603
48460 0.122586
48480 0.587159
48500 0.0923849
48520 0.11131
48540 0.0864081
48560 0.0883853
48580 0.057752
48600 0.0683254
48620 0.788481
48640 0.156826
48660 0.212413
48680 0.376446
48700 0.0753614
48720 0.0911194
48740 0.272565
48760 0.0359081
48780 0.226686
48800 0.292061
48820 0.517234
48840 0.0532147
48860 0.0790856
48880 0.109
48900 0.523249
48920 0.706012
48940 0.174339
48960 0.165805
48980 0.093769
49000 0.149775
49020 0.100509
49040 0.236442
49060 0.113043
49080 0.190035
49100 0.126622
49120 0.349919
49140 0.100469
49160 0.0976011
49180 0.102002
49200 0.341992
49220 0.0768448
49240 0.0575071
49260 0.131059
49280 0.0631339
49300 0.71693
49320 0.0956105
49340 0.0839722
49360 0.466156
49380 0.171256
49400 0.134428
49420 0.066256
49440 0.142368
49460 0.0484623
49480 0.0587118
49500 0.0959646
49520 0.560533
49540 0.0853826
49560 0.173388
49580 0.0875273
49600 0.313145
49620 0.411622
49640 0.358182
49660 0.0800571
49680 0.0815727
49700 0.0844703
49720 0.105767
49740 0.364778
49760 0.436626
49780 0.0901052
49800 0.10198
49820 0.511899
49840 0.383961
49860 0.255413
49880 0.187175
49900 0.196923
49920 0.396656
49940 0.0292389
49960 0.693644
49980 0.22637
50000 0.382622
50020 0.676251
50040 0.0793549
50060 0.18357
50080 0.179044
50100 0.275825
50120 0.197515
50140 0.0504789
50160 0.499308
50180 0.0856393
50200 0.0555355
50220 0.174571
50240 0.166831
50260 0.0545088
50280 0.879229
50300 0.452558
50320 0.209676
50340 0.055603
50360 0.111833
50380 0.296327
50400 0.127499
50420 0.0698141
50440 0.122461
50460 0.0805666
50480 0.682444
50500 0.0226545
50520 0.165833
50540 0.169416
50560 0.129055
50580 0.502884
50600 0.085249
50620 0.354053
50640 0.102989
50660 0.728305
50680 0.190117
50700 0.174746
50720 0.0952449
50740 0.176804
50760 0.131825
50780 0.0761204
50800 0.107032
50820 0.128452
50840 0.199964
50860 0.26869
50880 0.377733
50900 0.201588
50920 0.269069
50940 0.081371
50960 0.131905
50980 0.434332
51000 0.0626016
51020 0.0803379
51040 0.301161
51060 0.0617681
51080 0.206142
51100 0.357554
51120 0.136631
51140 0.110324
51160 0.307358
51180 0.872071
51200 0.397463
51220 0.621418
51240 0.0658147
51260 0.0901785
51280 0.0679345
51300 0.0321147
51320 0.445619
51340 0.449137
51360 0.061263
51380 0.0648082
51400 0.202202
51420 0.258884
51440 0.212831
51460 0.105732
51480 0.0733333
51500 0.0538958
51520 0.0796886
51540 0.563983
51560 0.0400033
51580 0.170246
51600 0.509708
51620 0.50124
51640 0.319682
51660 0.146049
51680 0.195716
51700 0.141108
51720 0.0594538
51740 0.497058
51760 0.0824987
51780 0.0819715
51800 0.131199
51820 0.0942115
51840 0.0421321
51860 0.121258
51880 0.175081
51900 0.0249913
51920 0.0348513
51940 0.394779
51960 0.0698287
51980 0.0437217
52000 0.250053
52020 0.231988
52040 0.63884
52060 0.570413
52080 0.315291
52100 0.091675
52120 0.0857404
52140 0.0527061
52160 0.138875
52180 0.139605
52200 0.102745
52220 0.0991298
52240 0.159862
52260 0.0889778
52280 0.215246
52300 0.275175
52320 0.196788
52340 0.328221
52360 0.173
52380 0.0503441
52400 0.483269
52420 0.0596359
52440 0.0417268
52460 0.145776
52480 0.13131
52500 0.0849088
52520 0.14078
52540 0.361304
52560 0.141572
52580 0.0746392
52600 0.0453203
52620 0.021854
52640 0.197029
52660 0.505089
52680 0.0886332
52700 0.078319
52720 0.439639
52740 0.0475031
52760 0.0430094
52780 0.294872
52800 0.384349
52820 0.0252811
52840 0.376749
52860 0.283786
52880 0.199638
52900 0.151619
52920 0.102687
52940 0.357608
52960 0.149306
52980 0.296189
53000 0.208597
53020 0.0558072
53040 0.304671
53060 0.0398781
53080 0.581885
53100 0.085272
53120 0.420835
53140 0.0684065
53160 0.486955
53180 0.342827
53200 0.0729772
53220 0.118691
53240 0.274206
53260 0.325638
53280 0.309146
53300 0.105943
53320 0.129286
53340 0.046593
53360 0.0612434
53380 0.176521
53400 0.051258
53420 0.0475617
53440 0.401833
53460 0.456296
53480 0.26474
53500 0.126046
53520 0.319207
53540 0.0412746
53560 0.517976
53580 0.272629
53600 0.128408
53620 0.486923
53640 0.131487
53660 0.285956
53680 0.142687
53700 0.0985876
53720 0.0530879
53740 0.0461487
53760 0.371255
53780 0.0582565
53800 0.233927
53820 0.107688
53840 0.0375272
53860 0.168672
53880 0.044493
53900 0.419484
53920 0.132696
53940 0.496076
53960 0.15714
53980 0.0245397
54000 0.482544
54020 0.0545063
54040 0.148799
54060 0.0632727
54080 0.0404982
54100 0.0704448
54120 0.156471
54140 0.210101
54160 0.125835
54180 0.0569133
54200 0.128308
54220 0.033317
54240 0.179184
54260 0.644584
54280 0.076117
54300 0.263758
54320 0.376577
54340 0.0422384
54360 0.0491079
54380 0.369864
54400 0.40296
54420 0.112128
54440 0.109107
54460 0.0643319
54480 0.342527
54500 0.0739001
54520 0.0886338
54540 0.106483
54560 0.382083
54580 0.599843
54600 0.0852211
54620 0.0744562
54640 0.411711
54660 0.436093
54680 0.145605
54700 0.107557
54720 0.185896
54740 0.150828
54760 0.0470905
54780 0.0302904
54800 0.272333
54820 0.0284099
54840 0.0357719
54860 0.51283
54880 0.115915
54900 0.725266
54920 0.526139
54940 0.0605158
54960 0.0487082
54980 0.110214
55000 0.175156
55020 0.185064
55040 0.496477
55060 0.545977
55080 0.0295377
55100 0.100315
55120 0.245894
55140 0.685933
55160 0.201213
55180 0.0986012
55200 0.129412
55220 0.11799
55240 0.233189
55260 0.146624
55280 0.183137
55300 0.306192
55320 0.149035
55340 0.181788
55360 0.173151
55380 0.324274
55400 0.101308
55420 0.0568936
55440 0.371749
55460 0.0606089
55480 0.209851
55500 0.0998849
55520 0.0962598
55540 0.103851
55560 0.112196
55580 0.573164
55600 0.119537
55620 0.461197
55640 0.147448
55660 0.209699
55680 0.102521
55700 0.167293
55720 0.114616
55740 0.432469
55760 0.490041
55780 0.0864953
55800 0.369677
55820 0.568765
55840 0.0742433
55860 0.513126
55880 0.171406
55900 0.409623
55920 0.172292
55940 0.356952
55960 0.245556
55980 0.3055
56000 0.0480233
56020 0.31126
56040 0.295186
56060 0.160128
56080 0.0628687
56100 0.47172
56120 0.0573285
56140 0.160849
56160 0.130714
56180 0.15417
56200 0.0951038
56220 0.508658
56240 0.0656778
56260 0.182925
56280 0.0755692
56300 0.0177051
56320 0.408654
56340 0.0562482
56360 0.0657249
56380 0.0847142
56400 0.527435
56420 0.145201
56440 0.289094
56460 0.0953051
56480 0.505557
56500 0.268898
56520 0.3269
56540 0.0256995
56560 0.537019
56580 0.474404
56600 0.0784744
56620 0.0989551
56640 0.0347427
56660 0.228117
56680 0.566866
56700 0.0767381
56720 0.153883
56740 0.424817
56760 0.395967
56780 0.0594507
56800 0.0877142
56820 0.10126
56840 0.0800157
56860 0.416151
56880 0.139638
56900 0.140218
56920 0.026209
56940 0.0361898
56960 0.26043
56980 0.0224675
57000 0.0932593
57020 0.44513
57040 0.124038
57060 0.121052
57080 0.243032
57100 0.616923
57120 0.130391
57140 0.324675
57160 0.518988
57180 0.417015
57200 0.15213
57220 0.0400233
57240 0.0535852
57260 0.198308
57280 0.0292544
57300 0.43989
57320 0.0953267
57340 0.0548399
57360 0.147452
57380 0.782271
57400 0.176788
57420 0.0657977
57440 0.0736005
57460 0.0776459
57480 0.115335
57500 0.0217394
57520 0.0467796
57540 0.169543
57560 0.0512582
57580 0.0732655
57600 0.490591
57620 1.00571
57640 0.263348
57660 0.752829
57680 0.437883
57700 0.180958
57720 0.140885
57740 0.476057
57760 0.113065
57780 0.0170727
57800 0.458326
57820 0.0346041
57840 0.122868
57860 0.17272
57880 0.0425992
57900 0.183561
57920 0.0457564
57940 0.281166
57960 0.555075
57980 0.136306
58000 0.503289
58020 0.0760661
58040 0.0587719
58060 0.0986721
58080 0.0720169
58100 0.12231
58120 0.0509854
58140 0.275629
58160 0.491864
58180 0.0804192
58200 0.0956307
58220 0.515012
58240 0.0757013
58260 0.0797772
58280 0.44947
58300 0.274505
58320 0.605848
58340 0.0535762
58360 0.104141
58380 0.0796383
58400 0.200988
58420 0.0932345
58440 0.264432
58460 0.24206
58480 0.0860068
58500 0.0333506
58520 0.342246
58540 0.0336931
58560 0.0995902
58580 0.0570999
58600 0.106462
58620 0.502428
58640 0.141172
58660 0.127701
58680 0.144028
58700 0.396533
58720 0.0523118
58740 0.112972
58760 0.0684595
58780 0.320579
58800 0.0389955
58820 0.453252
58840 0.0412637
58860 0.0806228
58880 0.0735563
58900 0.125935
58920 0.439676
58940 0.894736
58960 0.0492403
58980 0.076166
59000 0.118131
59020 0.088812
59040 0.467535
59060 0.403023
59080 0.224413
59100 0.348487
59120 0.381521
59140 0.310209
59160 0.267684
59180 0.517715
59200 0.0518463
59220 0.10304
59240 0.0907174
59260 0.0705769
59280 0.025714
59300 0.41309
59320 0.0745906
59340 0.328189
59360 0.131852
59380 0.525457
59400 0.0563312
59420 0.103101
59440 0.173414
59460 0.0410136
59480 0.194844
59500 0.390329
59520 0.587849
59540 0.231791
59560 0.446669
59580 0.0834538
59600 0.0450433
59620 0.0697267
59640 0.109623
59660 0.0553902
59680 0.0428588
59700 0.593213
59720 0.125516
59740 0.120371
59760 0.155847
59780 0.0419386
59800 0.375686
59820 0.0693713
59840 0.030802
59860 0.150494
59880 0.0908917
59900 0.143463
59920 0.0376114
59940 0.0374367
59960 0.0871473
59980 0.0770587
60000 0.135389
60020 0.507081
60040 0.0891173
60060 0.245222
60080 0.164688
60100 0.258712
60120 0.110526
60140 0.0762998
60160 0.430484
60180 0.0665291
60200 0.041335
60220 0.104453
60240 0.472664
60260 0.147679
60280 0.214551
60300 0.401407
60320 0.42641
60340 0.610568
60360 0.262982
60380 0.38012
60400 0.284369
60420 0.190724
60440 0.104296
60460 0.255466
60480 0.233649
60500 0.115749
60520 0.36805
60540 0.0562773
60560 0.110755
60580 0.477702
60600 0.65046
60620 0.0640609
60640 0.126772
60660 0.0913698
60680 0.074373
60700 0.0616181
60720 0.0821594
60740 0.163913
60760 0.396028
60780 0.0646056
60800 0.42177
60820 0.0852832
60840 0.136067
60860 0.056254
60880 0.122382
60900 0.0604472
60920 0.0716993
60940 0.0947657
60960 0.229575
60980 0.703305
61000 0.0566756
61020 0.0585413
61040 0.195924
61060 0.106098
61080 0.212004
61100 0.0554508
61120 0.0979504
61140 0.229176
61160 0.0360915
61180 0.0644928
61200 0.0556336
61220 0.103946
61240 0.0293374
61260 0.0367486
61280 0.0996917
61300 0.605057
61320 0.252685
61340 0.0438627
61360 0.0444877
61380 0.312842
61400 0.581814
61420 0.0981994
61440 0.325885
61460 0.399284
61480 0.033691
61500 0.0246093
61520 0.453139
61540 0.0354253
61560 0.0412281
61580 0.236053
61600 0.0220012
61620 0.527565
61640 0.0837105
61660 0.119731
61680 0.0909865
61700 0.167813
61720 0.0706626
61740 0.0743608
61760 0.145238
61780 0.117371
61800 0.199638
61820 0.109589
61840 0.162274
61860 0.0757175
61880 0.0527279
61900 0.0438896
61920 0.381898
61940 0.0434502
61960 0.108798
61980 0.138456
62000 0.0479952
62020 0.023511
62040 0.131183
62060 0.109015
62080 0.130078
62100 0.359751
62120 0.0864523
62140 0.354824
62160 0.248443
62180 0.290942
62200 0.140497
62220 0.0475775
62240 0.0609458
62260 0.0599452
62280 0.0346423
62300 0.42388
62320 0.0851634
62340 0.0430345
62360 0.282529
62380 0.253975
62400 0.576535
62420 0.511256
62440 0.0460979
62460 0.113465
62480 0.203497
62500 0.017031
62520 0.292729
62540 0.0940118
62560 0.17765
62580 0.10381
62600 0.275717
62620 0.129761
62640 0.0593125
62660 0.0567306
62680 0.142291
62700 0.407742
62720 0.263782
62740 0.525772
62760 0.473425
62780 0.0598313
62800 0.470887
62820 0.368528
62840 0.0641092
62860 0.0873547
62880 0.183379
62900 0.142036
62920 0.0797159
62940 0.04223
62960 0.122135
62980 0.389754
63000 0.0887699
63020 0.10616
63040 0.325499
63060 0.0601258
63080 0.162792
63100 0.178382
63120 0.251131
63140 0.0507901
63160 0.0900187
63180 0.26299
63200 0.280615
63220 0.199496
63240 0.136551
63260 0.325096
63280 0.0567701
63300 0.28638
63320 0.033401
63340 0.473989
63360 0.577481
63380 0.0351469
63400 0.516048
63420 0.149518
63440 0.118515
63460 0.169019
63480 0.0822945
63500 0.508224
63520 0.0525183
63540 0.0440958
63560 0.0578557
63580 0.235116
63600 0.107087
63620 0.470452
63640 0.040267
63660 0.0836907
63680 0.232271
63700 0.317664
63720 0.119469
63740 0.325174
63760 0.294748
63780 0.0583856
63800 0.059246
63820 0.207084
63840 0.233093
63860 0.028701
63880 0.0985014
63900 0.0235739
63920 0.0499586
63940 0.0441611
63960 0.133127
63980 0.143362
64000 0.0387737
64020 0.0765328
64040 0.108733
64060 0.0583627
64080 0.0732427
64100 0.421219
64120 0.032724
64140 0.145882
64160 0.168472
64180 0.440872
64200 0.0656633
64220 0.362741
64240 0.0496731
64260 0.0371277
64280 0.116329
64300 0.128434
64320 0.106844
64340 0.279347
64360 0.0373724
64380 0.0748516
64400 0.459305
64420 0.338108
64440 0.413601
64460 0.107677
64480 0.063947
64500 0.112662
64520 0.55224
64540 0.20937
64560 0.150764
64580 0.254718
64600 0.627854
64620 0.0947103
64640 0.0606261
64660 0.400212
64680 0.209753
64700 0.141113
64720 0.0716224
64740 0.413929
64760 0.41284
64780 0.246351
64800 0.399629
64820 0.372928
64840 0.39694
64860 0.0758243
64880 0.11044
64900 0.123807
64920 0.305223
64940 0.0686591
64960 0.194109
64980 0.233169
65000 0.0898727
65020 0.0543076
65040 0.322064
65060 0.0689513
65080 0.0331026
65100 0.186938
65120 0.070326
65140 0.282893
65160 0.168392
65180 0.0337621
65200 0.0953615
65220 0.327307
65240 0.264125
65260 0.319493
65280 0.373008
65300 0.116827
65320 0.223111
65340 0.0952598
65360 0.733123
65380 0.11139
65400 0.480678
65420 0.100634
65440 0.40983
65460 0.228057
65480 0.0531892
65500 0.0767687
65520 0.725529
65540 0.0451047
65560 0.467973
65580 0.0220939
65600 0.254692
65620 0.0896643
65640 0.121666
65660 0.235485
65680 0.0277951
65700 0.0974572
65720 0.333387
65740 0.253456
65760 0.165963
65780 0.0736454
65800 0.069666
65820 0.10072
65840 0.149613
65860 0.242146
65880 0.091161
65900 0.201437
65920 0.210228
65940 0.454102
65960 0.0829997
65980 0.849772
66000 0.0418048
66020 0.0406068
66040 0.412877
66060 0.371556
66080 0.402112
66100 0.405557
66120 0.135473
66140 0.0218206
66160 0.0962286
66180 0.0909599
66200 0.0333175
66220 0.0389607
66240 0.0582618
66260 0.0654762
66280 0.454493
66300 0.0312828
66320 0.101044
66340 0.334964
66360 0.336184
66380 0.0891704
66400 0.513685
66420 0.4282
66440 0.175153
66460 0.121265
66480 0.155241
66500 0.458727
66520 0.086825
66540 0.259875
66560 0.0254009
66580 0.240228
66600 0.143683
66620 0.142178
66640 0.0798533
66660 0.358276
66680 0.146059
66700 0.0806953
66720 0.312347
66740 0.190603
66760 0.352901
66780 0.18508
66800 0.0870184
66820 0.0789346
66840 0.466776
66860 0.27388
66880 0.056194
66900 0.0803253
66920 0.390186
66940 0.0378957
66960 0.328204
66980 0.0562313
67000 0.263286
67020 0.079319
67040 0.071085
67060 0.0256711
67080 0.275156
67100 0.0853694
67120 0.0403883
67140 0.043171
67160 0.411104
67180 0.0383171
67200 0.0703763
67220 0.482478
67240 0.359781
67260 0.0341198
67280 0.0797817
67300 0.0722485
67320 0.0464425
67340 0.455281
67360 0.148616
67380 0.0180485
67400 0.122763
67420 0.401215
67440 0.605937
67460 0.292064
67480 0.184635
67500 0.554023
67520 0.0412938
67540 0.567555
67560 0.0732156
67580 0.101211
67600 0.126764
67620 0.0319892
67640 0.0597483
67660 0.118637
67680 0.0745372
67700 0.0591088
67720 0.883583
67740 0.155543
67760 0.473073
67780 0.196222
67800 0.0531174
67820 0.0693285
67840 0.212944
67860 0.266665
67880 0.28767
67900 0.0916784
67920 0.212958
67940 0.0424524
67960 0.508441
67980 0.0665362
68000 0.0252896
68020 0.492039
68040 0.341115
68060 0.15878
68080 0.152529
68100 0.0994473
68120 0.0247998
68140 0.193441
68160 0.389482
68180 0.487424
68200 0.129259
68220 0.321979
68240 0.0634437
68260 0.219149
68280 0.0702641
68300 0.490292
68320 0.0307938
68340 0.327318
68360 0.315672
68380 0.372047
68400 0.171727
68420 0.224026
68440 0.27576
68460 0.101683
68480 0.45539
68500 0.274908
68520 0.179825
68540 0.12902
68560 0.337633
68580 0.449356
68600 0.206768
68620 0.0180981
68640 0.467155
68660 0.394447
68680 0.0537209
68700 0.111934
68720 0.24585
68740 0.182598
68760 0.0868507
68780 0.539805
68800 0.243735
68820 0.21787
68840 0.330317
68860 0.0791986
68880 0.470264
68900 0.262144
68920 0.290247
68940 0.141586
68960 0.422388
68980 0.19221
69000 0.165865
69020 0.388752
69040 0.053787
69060 0.245145
69080 0.186995
69100 0.210947
69120 0.188001
69140 0.0529828
69160 0.30479
69180 0.604613
69200 0.211614
69220 0.126042
69240 0.0309051
69260 0.119307
69280 0.134021
69300 0.41018
69320 0.0389338
69340 0.0880065
69360 0.149901
69380 0.0330209
69400 0.0418899
69420 0.195613
69440 0.0828514
69460 0.0970521
69480 0.102831
69500 0.0909917
69520 0.115714
69540 0.23248
69560 0.406268
69580 0.0790458
69600 0.0635906
69620 0.186501
69640 0.0526406
69660 0.0258368
69680 0.210988
69700 0.0929764
69720 0.285248
69740 0.0481369
69760 0.432677
69780 0.113368
69800 0.469398
69820 0.186626
69840 0.282039
69860 0.389338
69880 0.0587222
69900 0.183096
69920 0.300806
69940 0.48973
69960 0.0286209
69980 0.324721
70000 0.179939
70020 0.165066
70040 0.440574
70060 0.157201
70080 0.0762774
70100 0.500599
70120 0.102345
70140 0.0570751
70160 0.436532
70180 0.119784
70200 0.210096
70220 0.479769
70240 0.0725416
70260 0.445188
70280 0.060578
70300 0.0712221
70320 0.391697
70340 0.151014
70360 0.163
70380 0.0628093
70400 0.0818305
70420 0.0752342
70440 0.188128
70460 0.0920554
70480 0.153055
70500 0.0728426
70520 0.0443138
70540 0.174745
70560 0.253203
70580 0.20614
70600 0.473531
70620 0.0965828
70640 0.0634503
70660 0.212745
70680 0.37815
70700 0.497236
70720 0.0312712
70740 0.0933933
70760 0.0428882
70780 0.0389723
70800 0.101767
70820 0.167369
70840 0.0789526
70860 0.0578545
70880 0.379545
70900 0.182442
70920 0.292575
70940 0.11261
70960 0.588092
70980 0.218396
71000 0.0888496
71020 0.340864
71040 0.0277045
71060 0.611892
71080 0.0623694
71100 0.194512
71120 0.0371603
71140 0.387133
71160 0.12438
71180 0.14729
71200 0.344407
71220 0.108028
71240 0.0952529
71260 0.0187411
71280 0.168116
71300 0.165618
71320 0.308303
71340 0.125295
71360 0.117937
71380 0.165499
71400 0.0991079
71420 0.39908
71440 0.398945
71460 0.229342
71480 0.0516009
71500 0.491772
71520 0.0338693
71540 0.731025
71560 0.0566867
71580 0.251208
71600 0.539623
71620 0.541279
71640 0.21262
71660 0.0646238
71680 0.0317475
71700 0.469786
71720 0.297751
71740 0.0615798
71760 0.0849686
71780 0.222159
71800 0.317341
71820 0.103227
71840 0.288333
71860 0.349408
71880 0.0901055
71900 0.557806
71920 0.0693667
71940 0.0776312
71960 0.608742
71980 0.431496
72000 0.0929211
72020 0.0897699
72040 0.0640537
72060 0.387728
72080 0.0618986
72100 0.396235
72120 0.138644
72140 0.113806
72160 0.0196288
72180 0.0554464
72200 0.150772
72220 0.0543643
72240 0.0205513
72260 0.128475
72280 0.299293
72300 0.0784235
72320 0.272941
72340 0.329343
72360 0.0658505
72380 0.0556955
72400 0.108111
72420 0.0659761
72440 0.15681
72460 0.109201
72480 0.126401
72500 0.13421
72520 0.128184
72540 0.0610412
72560 0.0872869
72580 0.0890616
72600 0.0879829
72620 0.533402
72640 0.334288
72660 0.0367434
72680 0.163962
72700 0.041894
72720 0.173963
72740 0.101535
72760 0.10493
72780 0.453434
72800 0.0207369
72820 0.0811638
72840 0.105817
72860 0.180533
72880 0.187348
72900 0.234643
72920 0.584518
72940 0.108844
72960 0.127082
72980 0.122214
73000 0.109236
73020 0.447971
73040 0.11365
73060 0.0281802
73080 0.572493
73100 0.0534544
73120 0.0596669
73140 0.266704
73160 0.358521
73180 0.16562
73200 0.13161
73220 0.574281
73240 0.0907237
73260 0.545926
73280 0.28896
73300 0.113906
73320 0.48839
73340 0.373083
73360 0.068811
73380 0.452832
73400 0.279132
73420 0.0993682
73440 0.644801
73460 0.121892
73480 0.38036
73500 0.164224
73520 0.0563897
73540 0.0822444
73560 0.0850585
73580 0.0391785
73600 0.0676022
73620 0.0667535
73640 0.110771
73660 0.0754169
73680 0.44386
73700 0.0830473
73720 0.0535208
73740 0.0200163
73760 0.0282304
73780 0.162741
73800 0.11369
73820 0.243984
73840 0.177687
73860 0.342649
73880 0.0524808
73900 0.0680275
73920 0.152747
73940 0.149466
73960 0.0450673
73980 0.451288
74000 0.142785
74020 0.528794
74040 0.0588971
74060 0.424775
74080 0.194962
74100 0.0372455
74120 0.213945
74140 0.0455419
74160 0.248286
74180 0.0812195
74200 0.261783
74220 0.501525
74240 0.168042
74260 0.175564
74280 0.590617
74300 0.165536
74320 0.123531
74340 0.319914
74360 0.108216
74380 0.0621913
74400 0.417325
74420 0.330121
74440 0.0258109
74460 0.425309
74480 0.251778
74500 0.186441
74520 0.081563
74540 0.034522
74560 0.542184
74580 0.0817977
74600 0.146786
74620 0.15998
74640 0.36925
74660 0.552031
74680 0.0817196
74700 0.442965
74720 0.244572
74740 0.099554
74760 0.56443
74780 0.0906664
74800 0.0825934
74820 0.113908
74840 0.12617
74860 0.303488
74880 0.0826354
74900 0.0480067
74920 0.81652
74940 0.121663
74960 0.221571
74980 0.0362393
75000 0.0564446
75020 0.125287
75040 0.240544
75060 0.515681
75080 0.114696
75100 0.0462939
75120 0.0783938
75140 0.513814
75160 0.0681933
75180 0.0982628
75200 0.344212
75220 0.0981448
75240 0.0949106
75260 0.13638
75280 0.261082
75300 0.158048
75320 0.0726957
75340 0.507545
75360 0.0855673
75380 0.214483
75400 0.0869843
75420 0.0367148
75440 0.0423962
75460 0.394113
75480 0.828316
75500 0.244537
75520 0.100102
75540 0.382497
75560 0.436197
75580 0.0138572
75600 0.059374
75620 0.100674
75640 0.115092
75660 0.547648
75680 0.119354
75700 0.064125
75720 0.071318
75740 0.031662
75760 0.369407
75780 0.0730601
75800 0.082023
75820 0.0310981
75840 0.161768
75860 0.133311
75880 0.298305
75900 0.0434726
75920 0.0472762
75940 0.0486148
75960 0.49917
75980 0.234026
76000 0.0870469
76020 0.190698
76040 0.107807
76060 0.10631
76080 0.187615
76100 0.439748
76120 0.555371
76140 0.339825
76160 0.0858383
76180 0.073273
76200 0.127872
76220 0.0263829
76240 0.166803
76260 0.0834304
76280 0.153288
76300 0.0488912
76320 0.159488
76340 0.550444
76360 0.455745
76380 0.0783112
76400 0.0811383
76420 0.290198
76440 0.174877
76460 0.0623194
76480 0.165767
76500 0.07073
76520 0.122816
76540 0.0796305
76560 0.178368
76580 0.0398382
76600 0.0973013
76620 0.078583
76640 0.111473
76660 0.0404437
76680 0.110323
76700 0.469002
76720 0.0462428
76740 0.112168
76760 0.178556
76780 0.40722
76800 0.0434216
76820 0.0915093
76840 0.0765802
76860 0.186862
76880 0.420024
76900 0.164995
76920 0.170452
76940 0.167411
76960 0.151107
76980 0.0513979
77000 0.330437
77020 0.453988
77040 0.0888766
77060 0.358146
77080 0.066617
77100 0.0695
77120 0.48182
77140 0.106425
77160 0.0455667
77180 0.151463
77200 0.379872
77220 0.0290188
77240 0.0460712
77260 0.183709
77280 0.161896
77300 0.084395
77320 0.0707895
77340 0.226054
77360 0.0706305
77380 0.224375
77400 0.0776121
77420 0.0532552
77440 0.24883
77460 0.129743
77480 0.0652273
77500 0.0404666
77520 0.0645065
77540 0.059579
77560 0.0129181
77580 0.0562966
77600 0.573129
77620 0.0624127
77640 0.162431
77660 0.167656
77680 0.0374055
77700 0.293746
77720 0.0420302
77740 0.0272885
77760 0.0448844
77780 0.0879622
77800 0.0313989
77820 0.152869
77840 0.0338158
77860 0.0264892
77880 0.0948462
77900 0.385547
77920 0.394473
77940 0.105574
77960 0.136497
77980 0.209842
78000 0.062745
78020 0.173446
78040 0.0547429
78060 0.134739
78080 0.585788
78100 0.115698
78120 0.158783
78140 0.0487915
78160 0.14343
78180 0.217315
78200 0.402618
78220 0.0564678
78240 0.0433389
78260 0.0545995
78280 0.0684211
78300 0.197068
78320 0.095549
78340 0.194602
78360 0.0414619
78380 0.201676
78400 0.443975
78420 0.0916791
78440 0.12259
78460 0.0843643
78480 0.225794
78500 0.0648963
78520 0.0624951
78540 0.0838081
78560 0.649548
78580 0.177821
78600 0.109122
78620 0.476307
78640 0.0145455
78660 0.20795
78680 0.0278033
78700 0.242227
78720 0.0330775
78740 0.308819
78760 0.453094
78780 0.143018
78800 0.367478
78820 0.0830927
78840 0.0908609
78860 0.0276828
78880 0.131052
78900 0.0951091
78920 0.0759093
78940 0.422996
78960 0.0367736
78980 0.0853529
79000 0.0919527
79020 0.0669625
79040 0.0619229
79060 0.518321
79080 0.107773
79100 0.0765469
79120 0.197505
79140 0.0242944
79160 0.0742468
79180 0.0898292
79200 0.138449
79220 0.273489
79240 0.192831
79260 0.139707
79280 0.122092
79300 0.517603
79320 0.0931534
79340 0.127497
79360 0.187521
79380 0.0100915
79400 0.117342
79420 0.103291
79440 0.0590732
79460 0.321536
79480 0.244821
79500 0.104087
79520 0.0923436
79540 0.0830557
79560 0.326727
79580 0.41085
79600 0.157854
79620 0.791863
79640 0.130438
79660 0.270709
79680 0.125921
79700 0.569177
79720 0.340257
79740 0.30746
79760 0.124186
79780 0.354493
79800 0.108492
79820 0.338313
79840 0.590527
79860 0.0530332
79880 0.137155
79900 0.0895054
79920 0.155891
79940 0.10238
79960 0.0593662
79980 0.0633527
